0.973534263
0.728643192
0.9752975
1.808295672
1.212699347
0.908106297
0.727143429
0.962948719
1.268099311
1.182644787
0.844578509
1.331212599
0.782288682
1.082076886
1.060250526
1.10683601
2.083827152
2.688053225
1.5847626
1.869925782
0.895471162
1.251234762
1.596802782
1
1.348322775
0.739469682
1.172304904
1.282971461
1.097492767
0.70677845
0.932293822
1.591195532
1.760684296
1.003285434
1.612824042
1.883884029
1.216377088
1.235288378
1.11701263
1.029758144
2.241763869
1.10332358
0.942972526
1.590709757
0.660618363
1
0.999518381
1.62271669
1.263608152
1
1.557764644
2.011538598
0.38033848
0.907931894
2.348859001
0.770480948
1.190969678
0.640805076
1.591384468
1.333819264
0.857796048
0.775773381
1.914732321
1.991102994
1.42735791
1.062830022
1.770858358
1.41099362
1.210483975
1.720050977
1.261035224
0.879014054
1.18053062
1.189223219
1.107979354
0.788389049
1
1.437349428
1.072879729
1.834402471
1.532832419
1.13262517
1.214143217
1.635854517
1.479170389
1.226230647
1.245775513
0.921348517
1.244053428
0.838417275
0.721333989
0.833599411
1.246870766
1.579900879
1.006436449
1.053650542
0.773962569
1.25294483
1.345951358
1.093323649
0.85195519
1.537919443
1.179542908
1.956461913
1
0.703157485
1.336290577
1.582158316
0.973566143
1.594234265
1.445041272
1.168315035
1.393387035
1.125382448
1.060153832
0.903082751
1.081596704
0.929155704
0.971099396
1.651403864
1.044189493
1.1091673
0.743867051
1.120746048
0.724175692
0.826505296
0.159959921
1.607347818
0.689474855
0.989216778
1.209116489
1.81875977
0.663983654
1.19465375
0.772179991
0.97605285
1.403398313
1
1.391664499
0.914487098
0.890445826
2.841910929
1.700977717
1.124049103
0.939576574
1.144796622
0.335371541
1.371094582
1.362125056
0.943387737
0.76471518
1.558152751
1.769089239
1.080032835
2.218758801
2.387325002
2.068887772
1.618507738
1.459549691
1.180732584
0.352809961
1.050632519
1.256787255
1.17442301
1.135414154
1.47548903
1.596437528
1.223690304
1.378319865
1.45947967
1.317590073
1.183767376
1.296272091
1.690911071
0.952365735
1.183735558
1.453300661
1.224233448
1.1124344
0.828266957
1.176544434
0.659956129
0.915338232
0.977971284
1.127920255
1.160003573
1.271681119
0.806869373
1.132374049
1.308516304
1.297443637
1.564326657
1.575805175
1.145983452
1.270943873
0.757458853
1.353584646
1.308209835
1.113196648
1.159995723
1.238222597
0.949726545
0.765622842
0.863534815
1.901934411
0.775229122
2.112529452
0.993708753
1.714234501
1
1.19944977
1.356058124
1.102343227
1.184229544
0.974914293
2.097246972
0.800120321
1.176156241
1.153934352
1.142459358
1.581938508
1.498652056
1.376546986
1.179343901
0.521342007
0.846159111
0.945392074
1.475439205
1.300411506
1.541789382
0.909741404
1.106483099
0.746653351
0.903165157
2.622779995
0.901046315
0.840374452
1.120986197
1.109199704
0.967634846
1.136053344
1.737193989
0.665138238
1.20255079
0.975366227
0.931693689
1.176225705
1.139854668
1.009982754
1.005168577
