1.064287742
1.028323266
0.903125362
1.327951844
1.400632373
0.869722368
0.996923928
0.938842077
1.152837112
0.830755775
0.906837824
1.506593451
0.963481998
1.13164072
1
0.797824742
1.738250564
1.428573136
1.721502316
2.308390832
1.597453915
0.917138605
1.41105065
1
1.323600794
0.950280383
1.264620428
2.346487721
1.326244965
1.487117926
1.17013346
1.822875029
2.980673579
0.909815892
1.056947265
1.329205865
1.07302705
0.913180038
1.123280487
0.812076651
1.52699174
2.648447421
1.188205113
1.580713959
1
1.606901374
1.036757653
1.04248788
0.836324924
1.106460311
1.247322253
1.277782191
1.659557799
0.676066048
1.392810595
1.011062417
1.105278036
0.565509778
1.371892516
1.374246701
0.940590761
1.095600028
1.317161067
1.509025315
1.077591177
0.93567456
1.129380372
1
1
1.031546262
1
1.055972704
1.079172169
1.381737685
0.917597534
1.846318182
1.062646036
6.962070569
1.269418847
2.907066859
1.011828656
1
0.746315738
1.887653293
1.853964236
0.790911645
2.034511353
0.907482527
1.537206301
1.214093249
0.840577639
0.832877234
1.272499279
2.17731548
0.977446772
1.124613167
1.837241463
2.584688099
0.913437926
1.087973965
1.263440384
1.43629978
1.139548432
2.409375692
1.365145465
0.891181558
0.789804621
1.282284684
1.065509503
1.236057374
1.340587434
1.405988023
0.841260141
0.963848669
0.830613836
0.966554644
1.01543494
2.900205267
1.001242777
1.343553069
1
1.240255793
1.247030911
0.850336991
0.984806239
0.813720827
2.651412859
1.537415003
1.661159774
1.007439991
1.373156009
1.359691868
2.040880452
1.261644468
1.035307831
1.072646172
0.782310861
1.011205384
1.013600469
1.143119042
1
1.647372325
1.139366511
1.457059128
1.079380294
1.319163894
0.874131066
1.768308406
1.256339423
1.018010658
1.157870334
1.038469261
1.809945249
1.094798826
1.63868968
1.288027953
1.374400438
1.157185264
0.941227102
0.821175304
0.854243262
1.07810185
1
1
1.474411175
1.814071425
1.245741984
1.27506119
1.111892861
0.987528994
0.787950493
1.035022481
0.819937721
1.209698011
1.139225614
1.279434246
1.15670827
1.02487981
1.227914588
0.951730289
1.109263356
0.937794966
0.836767127
1.126182027
1.62103005
1.822336545
1.046666966
1.244938276
1.285153269
1.618039571
2.245190142
1.148748806
0.922814618
0.844964124
1.074665673
0.946533177
1.798537565
1.690692382
1.102724146
1.227658553
1.19132999
0.957432838
1
1.363223642
1.539364809
1.096926148
1.749781481
1.021262953
1.600018825
1.270191193
1.418388788
1.192892513
0.862176203
1.496323089
1.053386285
1.755790408
0.961064925
0.806165705
1.127984921
1.745848512
1.761531272
1.218020597
0.824360337
1.910372436
1.038261375
0.713250946
1.138926478
1.14029473
2.234340698
1.309566454
0.988556854
1.137867265
0.953387898
1
2.524404767
1.015545348
0.992806693
1.188609003
1
1.033778772
1.425174083
0.873555731
0.835424817
1.819518922
1.620115747
1.128158049
1
1.309592086
0.941590253
0.749469852
