0.85743139
0.724428634
0.870591053
1.171019352
0.788801776
0.939054564
0.965773821
0.806632845
0.915370402
0.909693447
0.727547913
1.267166539
0.495889046
0.783477802
0.799385947
0.762458105
1.041922762
1.338423629
1.579440907
1.995520386
1.169194844
0.968896195
1.255267525
0.95041309
0.849342561
0.703400529
0.932212593
1.488674561
0.880840956
1
0.922625001
1.48585606
2.674027101
0.75459274
1.036885679
1.46677236
1.03663484
0.342299743
0.886982031
0.749494979
1.303215349
1.796843933
1
1.3020795
0.793248922
1.580014369
0.986176201
0.852749578
1.017363692
0.810491012
1.243964371
0.939734547
1.403386589
0.666173774
1.183653208
1.089409008
1.025620586
0.834816846
0.997125546
0.897791488
0.985092757
0.448347891
1.318943356
1.381554915
0.917199595
0.856969752
1.019890246
0.998089108
0.822792354
1
1.164847535
1
1
1.261253364
0.908214483
1.479107339
0.749424319
1.351005523
0.784006498
1.951937626
1.090850042
0.811686036
0.743824923
1.34033089
1.740440883
0.98063157
1.17235955
0.963093929
0.740262712
1.002411474
0.899325315
0.882476617
1.285585995
1.582459664
1
0.974947376
1.000013108
1.914576501
0.38654586
0.833488355
1.112850366
0.540431754
0.85968114
1.711356985
1.132182645
0.734548176
0.794472303
1.68177332
0.683378722
1.373113985
0.912827946
0.770373405
1.003513556
0.879290625
0.865959892
0.872273269
0.856109627
1.964915253
0.969695745
1.349926491
1.38096248
1.115189678
1.195999972
0.727763422
0.831694817
0.544678505
1.57930607
1
1.303356027
0.706587795
1.130140942
1.165128211
1.598443813
1.1026355
0.888958477
1
0.681083575
0.650514517
1.157910718
0.575168677
1.091198685
1.106434271
1.048811056
1.439082403
0.948972461
0.95720949
0.950964285
1.383085455
1.112534871
1.191987842
0.942181323
1.058540995
1.465071064
1.21179292
1
1.335234439
1
1.068093129
0.95504628
1
0.969685203
0.928690491
0.881648041
0.862861762
1.343316061
1.089441294
0.930174468
1.004195048
1.176459989
1.134845947
0.889714862
1.261580881
1
1.012783557
1.223336891
1.202071695
1.056858027
0.815653003
0.850959287
1.08685457
0.916141106
0.81726548
0.781864696
0.86591005
1.511505163
1.77000142
1
0.782731872
1.043066811
1.240814473
1.435666001
0.608185101
0.972993681
0.990220373
0.92336796
1
1.614271543
1.541459616
1.098053879
1.24883141
0.638277375
0.54300914
0.374104363
1.302351037
1.411179378
0.920903859
1.199114168
0.677476369
1.313107491
1.048641316
0.702275412
0.826984551
1.158990888
1.329331976
0.983848925
1.231606597
0.957338829
0.872613879
0.532233772
1.476229871
1.615869294
1.079781702
0.874550434
1.532529841
0.845946866
0.915426632
0.556909293
1.085073141
1.404764316
1.508040181
0.549746749
1.169573711
0.969398742
1.083274465
1.983073341
0.994086891
0.945194795
0.993156729
0.683546723
0.722020052
1.156992473
0.836890819
0.84885586
1.465077114
0.958792726
1
0.843906254
1.246766968
0.863525036
0.939303642
