4.476897955
1
0.919102996
1.688656381
2.41015112
3.480741489
2.027075712
0.919428549
1.619661645
1.057633479
1.300400289
1
1.407786939
411.8705906
0.992214101
1.082562401
4.562961439
0.773454108
1.079647275
2.786360215
0.613906053
0.893064289
0.839814341
0.973496765
1.99974932
1.29802872
3.627016874
2.591351714
5.101777965
1.857581695
0.774821579
4.537750815
4.016485984
3.386189035
12.60710074
1
17.09599204
1
0.759958324
1.395252284
1.051727643
1.121250375
2.412798641
11.78272448
2.016236692
2.491502253
0.95125022
1.98921611
1
0.847789897
1.194234437
1.524441099
199.6932377
1.052604893
2.363339902
4.692803339
1.446120316
2.75229879
7.942049139
1.659578549
0.870869525
1.560503386
0.933638495
0.923750063
1.285371453
0.796392496
1.211800882
1.304510449
3.79192743
11.84330428
0.526204841
5.224770454
1.441595345
1.037528802
0.807285161
1.376430371
1.019747493
1.055247656
1.258068253
3.160664067
0.963914686
0.913000455
4.867640977
1.097768636
1.432783814
3.782537202
0.952095193
4.885103137
0.787131131
7.856178227
0.821849701
1.490333925
1.013805414
3.775742567
0.820285056
0.767204523
2.471613917
4.945406237
5.177385811
1
1.178509327
1.604348051
66.72545132
7.985886317
7.16119206
0.548812122
4.281963065
2.971978818
2.315451403
2.339773004
1.434575019
2.355509459
1.097781514
1
1.472662526
1.374398771
1.028410905
2.616913583
0.908738097
1
1.359823946
6.078393549
1.586551798
4.30881555
0.737749549
12.25297558
3.850574515
1.098266801
1.476701948
0.912414245
2.355430101
2.219231585
0.81634542
1.871130583
1.755479283
3.727199039
2.559820607
4.271522863
1.561049703
5.104641196
-0.025667753
2.18399067
1.321757098
2.069886151
4.31099365
0.98620806
2.884948398
1.979181185
1.257972191
1.324422558
7.890118823
0.863521351
0.859097191
6.751094706
1.379643691
1.324842428
0.530863961
2.203706236
1.972902846
3.944383663
0.953653377
1.795636481
12.35701752
3.939807982
1.344299855
4.255374389
1
6.558417286
1.079224859
0.745024247
1.789622544
3.641882843
0.450405104
1.176644806
4.142259422
0.902779987
1.104260426
0.788735826
1.299138725
4.915670228
1.210667657
1.923442178
0.932747229
1.33247891
3.166893895
5.208709494
2.075219345
1.143082247
0.872061738
0.993902871
4.463323518
0.955283921
1
1.471482607
1.070110212
0.986476824
5.529448399
0.821266208
1
3.924111796
1
1.478460797
1.199223977
7.693515201
0.899473726
1.196961045
-0.025977484
5.100799324
2.146394644
1.034618234
1.857151136
8.628654598
6.983726494
2.102329415
1.180306193
0.483796985
1.415038943
2.169435098
1.767777208
0.630443725
0.608231489
0.89316715
1
2.019423939
2.726635486
0.656963229
1.135862683
0.337222968
1.734712666
0.856321415
1.069817713
1.8337307
1
3.817264783
2.163331005
47.83159445
10.61372736
1.509447262
0.993730435
6.152721247
1.07024427
0.943014358
1
7.406496813
0.944198193
1.491163817
2.32068783
4.662925468
1.016104474
2.813252181
