0.984182195
1.135942503
0.988344292
2.182846531
1.186741456
0.997066289
0.756011909
1.338386617
1.237101966
1.049570848
0.773994474
1.027784741
0.780088174
0.925060642
1.053271613
1.344157079
2.088613861
2.132586405
1.293566986
1.684344673
1.22255246
1.351127714
1.585775448
1.214606957
1.045791803
1.014323383
0.59607725
1.352119155
0.963653113
1.196409001
0.918516863
1.578066539
1.003396402
0.998489823
1.699591327
1.345832391
1.357458732
0.893494659
0.626663942
1.00575235
2.105941232
1.136574599
1.11508116
1.560721281
1.025562475
1.176455907
1.042903765
1.184369777
1.801439088
1.413496029
1.177878435
1.528500122
1.574333436
0.96591331
2.3724006
1.123303725
1.09038858
0.710737779
0.853060139
1.544520955
1.161661779
0.90655457
0.817768967
1.176997588
1.723132823
1
1.445111708
1.320755313
1.41302963
1.440480032
1.370293708
1.576858679
1.237512975
1.50820534
1
1
0.602183247
1.717390171
1.281287327
1.783518186
1.148725309
0.716318692
1.124478266
1.541182323
1.500983811
1.127788661
2.023804619
0.948301634
1.360962372
0.769246903
1.387328719
0.846930691
0.942681025
1.936617814
1.114254015
1.025349873
0.871434764
1.596148385
1.325143254
0.796262218
1.020390163
1.509524788
0.422826715
1.602518659
0.997879722
0.737692438
0.992306339
1.192957093
0.78130714
1.321846763
1.313855036
1.150951103
1.060497608
1.033107451
0.980226087
1.119720287
1.097621601
1.237750488
1.099838859
1.702678567
0.84854247
0.832910238
0.983563588
1.209667246
1.029677129
1.408384531
1.383115192
1.524089999
1.08471304
1.273282968
0.998804927
1.795840399
1.603072077
1.133423868
0.422961688
1.202068163
0.668197883
1.310235352
1.113194981
0.987416701
1.193610269
2.338209343
1.443221702
1.136916399
1
1.193238549
0.999211678
1.174322583
1.24041157
1.279064741
1.072363405
1.526512007
1.403473493
1.114319393
2.194284464
2.339584743
1.788041637
1.40377152
1.342467695
0.986153586
1.1296482
0.849751699
1.36015784
1.721414079
1.446770627
1.570916884
1.621919281
0.643734893
0.846809001
0.960886532
1.323371862
0.916221922
0.950060317
1.50171147
1.124283303
1.048397167
1.094519845
0.776221445
1.469332989
1.352535664
1.135582043
0.72504338
1.023691441
1.169885403
0.903177811
1.130532451
1.506335687
1.092903809
1.289201136
1.231105538
1
1.455004744
1.34315962
1
1.462223914
0.735291603
0.718549375
1.440636575
1.074561237
0.991772926
-0.127939002
0.596654542
0.922951903
1.425940437
1.781401298
0.61816836
1.808353931
0.858318858
1.330907264
1.188132285
1.023843037
0.500627247
0.934540408
1.171876136
1.140797759
1.459982556
0.942723579
1.151627458
1.043248801
1.530173629
1.612584046
1.171523579
1.293364708
0.934354252
0.31244202
0.734570459
0.84464678
1
1.179901712
0.968929087
0.885285112
0.66345979
1.145858165
1.454230361
2.677402585
0.746474843
0.704259007
1.248938984
0.855572018
0.964153573
1.267128315
1.774990896
0.714504419
1.058905794
1.087338979
0.93129497
0.88780338
0.757903168
0.544857851
1.025770095
