1.575181038
0.899525271
1.163743583
0.848520659
1.551624728
1.874438782
0.94883535
2.003185037
1.327128716
1.100747489
0.980730325
1.076515117
0.941029409
1.383829615
1.047464771
1.065682801
1.705996999
1.971048434
2.025789286
0.788636718
1
0.874403472
1.114725574
0.833370278
1.47929896
0.656464736
0.709327606
1.307358762
0.766023302
1.598991429
1.180113866
2.792240414
1.205785382
1.105214995
2.022388222
1.359501135
1.521780052
1.16858305
1
0.995256557
1.381910973
2.730286821
1.231336444
1
1.187053364
1.16707305
1.476460939
1.138819104
1.005458912
1.452403636
1.401900759
1.423013967
1.39968369
0.993801196
1.394979074
2.387468945
1
1
0.943230443
1.348143316
1
1.36535239
1.155843264
1.00980543
1.06841487
1.04489577
1.11821106
1.82310547
1
1.02044329
1.112592762
0.941484983
1.024119565
1.091688132
1.211592717
1.242148147
1.487402252
1.546420728
0.984967512
1.596600911
0.811785746
0.918139864
2.249309535
1.191570486
1.270469392
2.881525093
1.129057183
1.338617003
1.79620762
1.695120439
0.89311882
1.20879592
0.723972923
1.060299698
1.156396663
1.155969978
1.385714111
1.259608749
1.161234799
1.577402481
1.40871097
1
1.402338305
0.892737416
1.416728193
1.720532739
1.563517432
1.186674414
1.918758916
2.978904853
1.125023682
1.010782144
0.923093244
1
1
1.323241108
1.258900533
0.96860846
1.513683583
1.484790494
1.075035711
0.914504334
1.110538346
0.948374311
1.456202653
0.975130918
1.083295591
1.115330535
1.770899237
2.144004404
2.077197548
0.99559991
1.970147847
0.776218101
0.718978372
1.581457098
1.432028031
1.282971788
1.592450957
1.646907622
1.251967603
1.0222398
1.408725393
0.841340403
0.844742595
0.914635968
0.841649007
1
1.330063388
0.704295444
0.850377034
0.726086659
1
1.252675544
0.899578601
1.013073261
1.123337694
0.866355201
1.933098519
1.573289737
1.422220355
1
1.341858483
1.47821064
1.226495133
1.02237481
1.206909995
1.094258071
1.235362667
1.180931657
0.896873462
1.139362558
1
1.332917802
2.630400503
1.299088753
1.303588505
1.214751205
0.978361566
0.840733341
1.497082072
1.03299219
1.024082999
1.085672294
0.866502609
1.473028269
0.938825556
0.951445231
1.498470499
4.349719718
1.08734704
1.143746341
1.767111779
1.190655297
1.47595832
0.98135909
0.887501845
0.93937345
1.04462354
1.061894072
1.13227972
0.785794514
1.240639872
1.576040719
0.989915248
1.707332373
1.712072298
1.08234086
1.391946404
1.010762674
1.763446472
0.883661304
1
0.915051249
1.47790417
1.218339043
1.05262039
1.121428321
0.943465463
1.147343703
1.904344013
1.174050584
0.922422505
0.963878788
1.461548817
1.895991792
1.189682671
1.219558535
0.80498713
1.642617762
1.479183271
1.077838517
0.897620406
1.601461912
1
1.265915104
1.226850405
1
1.122219801
1.309244368
1.865177477
1
1.187215673
0.670722138
0.697645335
1.170684851
0.969750557
1.661570815
1.521973039
1.153396699
