1
0.820569898
0.97512521
1.210926773
1.303763258
1.178667961
0.963927255
1.064556834
1.349110361
0.868138001
1.11475398
1.480595396
0.901370381
1.219408294
0.833035896
1.125975347
1.674949412
1.752947596
1.555544837
2.785080618
1.482836718
0.705193834
1.699252487
1
1.040465627
0.708230371
1.083637131
2.031237299
1.101338924
1.384122971
1.066979646
1.961714411
2.781933478
0.76179814
1.274052486
1.504039676
1.171287765
0.929229127
0.863466206
1.366471029
1.194514147
1.760708521
0.992474778
1.314066171
1.009221338
2.05139298
1.313154343
1.000027149
0.993271581
1.101179841
1.522069207
1.155503723
1.6038202
0.800039409
1.607984423
1.348955031
1.460354585
0.981350583
1.17401106
1.192652305
1.224664777
0.850350819
1.309004784
1.330473759
0.865012382
1.06151021
1.090253074
1.101837443
0.890025814
1.143407144
1.162176493
0.934691226
1
1.194144823
0.991925651
1.715095037
1
2.51559665
1.151226037
2.557299381
1
1.261654607
0.976780341
2.002542696
1.845523307
1
1.725295109
0.978492136
1.741282828
1
1.147469821
0.8441366
1.10174014
1.858865406
1.068446548
1.163789472
1.609754859
1.60514306
1.271129542
1.088527601
1.100359113
1.476383903
1.21745313
2.063509546
1.52719822
1.064868235
1.241398836
1.728310617
0.965764101
1.704912626
1.144692798
0.658394295
0.877457989
0.490214862
0.959199772
0.945612886
1.129327752
2.788681588
0.906517163
1.435580402
1.045075156
1.252958006
1.346324832
0.971139687
1.163921773
1.010192502
1.699378585
1.360945872
1.814089397
0.962414353
1.095658091
1.348789415
1.807306998
0.853128154
0.923811335
1.040837178
0.780129487
0.974149039
1.448262524
1
1.281791664
1.623915435
1
1.507125162
1.19882432
1.360395623
0.800390265
1.934525935
1.094566707
0.844658212
1.243938566
1.340271398
1.541155009
1.171604675
1.571059467
1.382719246
1.603166036
1.016859668
1
1.123360849
0.859468996
1.027910861
1.02343526
1.317772006
1.582800017
1.55536875
1.155202767
1
1.035239672
1
0.729782138
1.379234256
0.892049608
1.483271222
1.117605871
1.277054253
1.344004084
1.128371248
0.816582402
1.024094567
1.285470736
0.968811402
0.940925014
1.476927949
1.48763479
1.781227561
0.945468386
1.101282108
1.549206659
1.102921956
2.191625058
0.807400379
1.213783459
1.293785231
1.18226902
0.992857976
1
1.516953811
1.261921527
1.403354544
0.960714168
0.691307406
1.189487045
1.460984343
1.057759906
1.095976017
1.585284065
1.268822453
1.214086618
1.461611242
1.334935999
1
0.799701068
1.499401714
0.983425383
1.612504409
0.836072455
0.982341457
0.990933268
1.623624381
1.991460797
1.12630783
0.938584299
2.031994369
0.819038413
1.012347855
0.848648207
1.184594763
1.786751917
1.420510218
0.998803675
1.189693688
1.137379422
0.865896344
2.056685517
1
0.925295086
1.114460298
0.797103197
1.116611665
1.418790634
1.136610094
0.83171382
1.441442344
1.07900866
1.041914241
0.818165112
1.229722293
1.226019072
1.141788667
