0.826018662
0.917712626
0.954665657
2.035591314
1.085839035
1.127784934
0.421922138
1.156426325
1.217514737
0.635299958
1
1.154934216
0.822546896
0.703363853
0.821036867
1.344134146
2.032682984
2.197379468
1.150006628
1.891134598
0.876709153
0.952592325
1.444792197
1.15087282
1.326785154
1.085415388
1.228618574
1.264882611
1.141675268
1.065828154
1.249306838
1.591287029
1.590265051
1.030251919
1.572655791
1.628470876
1.056980545
0.740924935
1.043146566
0.908108087
2.138242212
0.945828439
0.638681839
1.051302258
0.597161676
1.193272956
0.994493164
1.011027103
1.472320193
1.460463501
1.227652225
1.56656196
1.178913043
1.012149984
2.35366535
1.276795889
1.249826703
0.738172068
1.551191636
0.731070193
1.335796528
1.078802639
1.901460134
1.772004579
1
1
1.175442452
1.459639226
1.139320785
1.448406591
1.251121819
0.965914117
1.551302417
1.528168709
0.810811745
1.00504111
1.217013975
1.102389793
0.989256868
1.479668877
1.436049251
1.064680485
1.006207477
1.509342501
1.245038617
1.240145138
1.674848828
0.859759143
1.217767897
0.704392511
0.998482888
0.942893429
1.254081197
1.509710648
1.191105057
1.045562434
0.946261238
1.425836897
1.380984725
0.857329241
0.939110651
1.549642801
0.683852773
1.809462236
1.00578241
1.020358936
1.248483358
1.368198772
0.911334479
1.46311916
1.134024186
0.809588436
1.493013816
1.315189633
0.780137281
1.05863957
1.088806685
0.686051229
0.757903834
1.707328244
1.146231313
0.814041811
0.607710294
1.125117514
0.938057934
1.234738155
1.398223946
1.258867615
0.71290738
0.888040734
1.086428184
1.897646846
1.447198785
1
0.685306469
1.038630065
1.262007873
0.877267825
1.110965033
1.069059197
1.195476885
2.517750121
1.38898462
1.269825
0.784938178
1.471243794
1.089952876
1.390434864
1.106465817
1.166158106
0.971405616
1.530285365
1.369315239
0.761599236
1.936213173
2.295141068
1.523058054
1.191078088
1
1.139960299
0.676233793
1.114290872
1.029244055
1.562839991
1.274190865
1.354762141
1.617811462
0.850426004
0.926747998
0.789739682
1.206558931
1.216372207
0.806678268
1.495782159
1
0.9267871
1.544825901
0.986494288
1.230598353
0.664180665
0.805651612
1.052104685
0.818510975
1.156591037
0.954412434
1.110026792
1.236125464
0.840554342
1.066626975
1.331178142
1.161243763
1.646045545
1.460285637
0.900171692
1.509210268
0.982822135
1.066791602
1.717155871
1.146715893
0.995972093
0.655166126
0.602671755
1.340775895
1.284028332
1.707276048
1
1.894674087
0.966461947
1.692373848
1.36784623
0.860526446
1.32559938
0.816807259
1.225595484
1.184348437
1.852947018
0.748714038
0.612607246
0.673164199
1.198092229
1.215225594
1.301619427
1.181633426
1.28868669
0.605989707
1.049491191
0.53571047
1.338327427
1.070108627
1.416858588
0.924761408
1.108639544
1.298452092
1.347865251
2.469773065
1.068017925
0.751522364
1.263210533
0.685247621
0.704571054
1.107513243
1.707369703
0.9038828
1.159434341
1.060021948
1.227384729
0.513751124
1.036467444
1.017912379
1.040809919
