3.787523572
8.011358268
4.350037098
2.005787584
0.33689376
2.318878221
0.243172034
3.324053656
1.250794482
1.203192536
0.647023658
4.74727759
0.518610984
0.349277424
0.727849121
1.123244131
1.51756346
0.270304141
1.206515022
6.923150136
1.014389911
-0.278712919
1.047471141
1.162315765
1.485149325
1.265703726
0.972254783
0.528322687
0.983314734
1.061037923
0.767078543
4.214443014
1.444428837
5.407457718
0.246284229
0.813072801
0.896579571
5.716745336
0.823591421
52.58135388
0.321019265
0.823588843
0.972293099
0.682566204
1
0.529971123
10.62577402
2.126460743
-3.989338646
1.21754449
3.24908544
4.681412539
3.036011648
1.727208668
1.235728297
0.090872352
0.542214129
261.635309
1.745734003
1.624733369
1.77325512
0.520500796
0.132997042
23.16119078
0.891777943
0.98681829
0.949368619
-30.39435394
2.708095306
0.680833945
48.4010834
3.227450716
1.293438981
-18.49298108
0.732445846
0.418709522
1.17470344
0.716823815
0.88295818
6.643845918
2.499074693
1.586683838
0.851945949
3.974555422
0.146515424
0.570405044
1.727457537
0.395351351
0.592707432
0.110781355
7.700057745
1.477042621
3.353245049
0.456485949
0.990219503
0.612299908
1.074258511
0.554987291
20.63180382
1.330419908
0.687757397
0.22474888
1.398051623
1.632651075
1.329133747
0.671261999
3.206110162
0.846527438
0.445503894
1.226925902
0.574890043
2.709332958
2.252944781
4.458656502
3.191555749
3.696543665
0.853065119
1
0.992177154
1.059308526
1.030877792
0.556362802
1
3.143252586
1.018742394
2.275810481
11.24238404
2.220907503
1.081173262
0.571222959
0.898815328
3.880076668
0.405122822
0.285614767
0.691854122
0.693261994
0.937721095
0.856241719
0.781130041
0.618959101
2.457553378
0.282546332
1.269050205
3.18683284
0.968433635
1.104557077
-0.297573794
2.284883495
0.730014021
4.63644989
0.928782636
10.70502609
2.951608158
2.399597035
-2.219745706
1
3.327982493
2.888852781
0.056543738
-16.34976938
1.581811366
19.65968127
0.71032636
0.815425211
0.786129833
-1.03869531
-0.184050069
0.702193463
0.5766066
0.389168306
0.807328954
1.686730106
0.506728757
0.578621512
0.586992763
0.44460889
0.696004799
1.354930426
0.763007989
1.364528036
3.037674419
0.733808247
3.190429894
3.95982233
0.511133569
1.006934694
0.67213256
1.166029086
0.159688678
0.628876357
1.987640535
0.678561527
0.991745209
1
2.08475732
0.788554023
0.811136814
0.453718838
1
0.733146584
2.791007692
2.488577727
0.578892766
0.607242571
-5.739543937
0.172424634
-0.660557327
1.989796825
1.449683059
0.754711032
-0.034200607
1.197411567
0.771301474
12.85303627
1.827296055
1
0.204406275
1.886140942
1.499478148
2.809048877
5.940848995
0.492246956
1.533916837
1.651431385
1.24274466
0.288539262
6.43863748
-0.715933426
1
0.742246007
2.591702016
1.616673521
0.831030361
0.100625658
1.436849849
1.679133932
0.64444706
1
0.418637487
0.902052492
1
6.619451695
0.438986624
1.006888584
1.05645663
0.712373664
5.623249299
0.410142458
1.927467513
0.668382547
