3.963067626
0.941557509
0.568068635
1.68234014
3.862470738
50.11841859
1.613728032
1.06261004
1.616489726
1.172838066
1
0.990107201
0.664967295
8.012610604
1.111361232
1.568041978
6.6847307
1
0.850613116
17.66589404
0.676119809
1.227324842
1.259838741
1.145668632
17.92644187
1.398404449
1.754475797
1.953785883
6.117001269
0.920880486
0.730807648
0.581997451
2.761969395
1.050384629
9.794158928
134.816143
4.503794668
1.146260431
0.905655562
0.947077194
0.709392177
0.836685957
1.891833466
2.089798766
1.431824129
1.253725043
0.96805507
2.839319784
2.612721126
2.860693909
1.095644984
1.335584011
7.218064447
1.321455896
2.787689955
1.742337423
0.709080319
1.125380025
1.643343214
2.219463552
0.534471296
1.78329234
0.509899074
1.236552298
1.959590099
0.877470956
3.708280373
1.797522303
2.591312019
1.318066793
0.739342572
4.195742764
2.734133198
17.38988884
0.999910724
1.086395722
0.758013735
0.667516035
-0.041712736
3.307674057
1.237729458
0.68396074
31.77143454
1.224212126
0.952932622
3.299764238
0.886022932
1.293994394
0.76626214
1.238069705
-0.298194045
0.945804977
1.129862742
3.424529775
0.544480561
0.709428219
1.090014566
3.200245822
4.759040491
1.188668909
1.045200256
3.412413395
1.586749289
1.337426837
1.368786425
0.811058714
2.019149046
1.14624487
1.763966061
2.709517442
1.102179744
5.830542672
6.870427689
-0.277549404
2.118831851
0.83040787
0.847012109
0.837088035
0.510563524
1.251422718
1.096274893
1.166857108
1.316742959
4.246074555
1.052283006
4.897157172
0.864260898
0.727947163
1.266714715
0.660240127
1.809374829
2.163965207
0.915472475
1.637829549
26.38158111
1.277927793
1.886893436
1.953683041
9.942458022
2.166251033
0.692566516
3.306262015
1.785790402
1.949102892
1.518265086
1.409547808
2.44137163
1.582478863
1.123477442
2.4252074
18.3119117
1.154429058
0.772010853
1.483648864
1.970576126
7.261523863
70.03908053
4.072600482
8.092572327
2.606075962
0.959707553
1.910025212
1.390427439
1.401002648
1.148212615
2.604361391
1.125764424
1.710740712
0.878703284
0.574581294
3.756931441
1.434271302
0.393065988
1.767569263
1.527575647
0.888114062
1.413535707
1.061114116
0.60769316
0.811471042
1.365201113
0.883754446
1.053032108
0.920755845
1.548214073
1.597201289
5.218783408
0.8990376
1
0.873914834
1.472570722
1
1.166157452
1
1.057217476
1
1.196624862
0.462127315
1
1.424125923
0.829213757
0.272572696
1.179641078
14.2353007
1.053821126
0.721397555
1.07985871
1.765180498
7.436968592
1.25375568
1.654948298
5.187068225
2.059407211
1.673746225
0.879968048
-0.284364652
2.642241201
1.758685796
2.168359608
0.164181006
0.428233125
1.008021688
1.181633769
1.363160254
2.338585817
0.649717865
0.780262031
1.004209578
0.913544788
0.747640467
1.101390513
1.407027772
1.892487676
23.42443448
2.397834285
1.223278316
1.152478651
11.20562817
0.909470357
1.805538047
0.288694503
1.276556503
1.177423076
0.728983184
0.843778935
2.417389762
1.501458376
2.185641137
2.251339002
1.724695931
