0.810270772
1.046521946
0.633145122
1.504271701
1.424034792
0.793006106
1.087701648
1.044656946
1.053906408
0.904902082
0.892570007
1.234280986
1.027162071
0.754504431
0.957258512
1.005494771
1.910577092
1.745723006
1.638920228
3.303836609
1.539931183
1.0933278
1.771250225
0.972153656
1.046146998
0.981190447
1.378946677
1.87131814
1.065682713
1.295118649
1.12248567
1.587982484
38.70657791
0.421921388
1.369656894
0.990750035
1.191308077
0.793083453
1.205876591
0.814057
1.501457175
2.185563143
0.782602771
1.197254333
1.065099837
2.019032949
1.21763443
1.16298882
1.177697609
1
1.606295477
1.014522727
1.555872284
1
1.095793941
1.094950923
1.14628721
0.991253923
1.092966325
1.070282469
0.942173306
1.127808318
1.389057665
1.451722466
1.022748435
0.777456381
1.052999739
0.764432252
1.053301494
1
1.228884502
0.997363937
0.982685422
1.451096953
0.898499601
1.716573449
1.285957147
3.827395717
1.081027676
4.794023637
1
1.113791493
1
1.867828317
2.050173125
1.083281941
2.366757428
1.078233871
1.550991991
1.063934408
1.15460972
1
1.067156575
1.959709823
1.175520985
0.959394295
1.738687283
2.219481371
1.340243746
1.184210659
1.362628457
1.602021064
0.906286729
2.168334107
1.399037426
1.034756964
1.292630132
1.622189437
0.988013747
1.540895989
1.216053311
1.14469647
1
0.86179881
1.0517257
1.220849623
1.074176302
3.638252968
0.813804528
1.480489913
1.393053294
1.415699773
1.285977894
1.150129548
0.688534661
0.97396427
3.794226624
1.136486234
1.51365405
0.888922744
0.873943999
1.086584334
2.173380001
1
0.995386989
1.080004923
0.783558344
1.050879276
1.134594778
1.127725557
1.326788998
1.384662405
1.417766837
1.279135879
1.014078938
1.46018303
0.927484832
1.822506614
1.301369795
1.024289751
1.287323209
1.209751778
1.792681688
1.341644618
1.59103529
1.143683027
1.689559548
1.358106739
1.002073377
0.656838502
0.952322445
0.838857724
0.822309398
1.251978732
1.263675871
1.598418947
1.207052803
1.06472366
1.182035527
1.092215252
0.843325235
1.433702159
1.093631935
1.665599019
1.098728283
1.551622423
1.007053597
1
0.796713262
1
1.119329391
0.522348627
0.994052244
1.183926553
1.773579006
1.844307095
0.982509917
1
1.318133788
0.780720134
2.187355408
0.590381216
1.083877171
1.01439429
1.135228048
0.949800747
1.550732412
1.733380935
1.122541021
1.208979651
0.906441009
0.905387857
1.070361811
1.487456279
1.62238204
1.070081962
1.655550602
1.038450996
1.675220413
1.330106108
1.371113758
0.967413719
0.74205944
1.287253209
1.163724865
1.912375077
0.939532186
1
0.924913611
1.694989282
2.172632245
1.258413538
1.007814453
1.909635387
0.800882557
0.961070565
0.999986022
1.010155618
2.025677103
1.228586327
1
1.097276548
1.256097263
1.39376466
2.574927752
1.131127065
0.931429934
0.788874118
1
0.896163436
1.453570803
0.888001967
0.914115067
2.287536113
0.798341
0.993149268
1
1.077273087
0.992560144
1.04040508
