4.26445041
0.556005036
0.475392382
9.692310776
4.623571713
6.924793367
1.605998019
1.203894796
13.12850032
1.393843988
0.926841859
0.945701478
0.784315589
4.842025929
1.042752944
3.39089958
4.977605912
1
0.673300266
1.545715637
0.848941703
0.839328007
1.384091432
-0.023804713
2.701425187
1.680232723
1.844022543
1.780439545
2.724091123
1.294104251
0.771283353
1
2.232430777
1.073610654
2.586021462
1.54850239
126.4899983
1.009253681
0.984524062
0.851896861
0.569883428
0.873831711
2.275658427
43.21023437
1.451949663
1.296041742
1.166867325
6.850705751
2.408055356
-2.485175177
1.12688743
8.064007556
16.34712944
1.097188551
2.047709019
0.634434071
0.838210194
1.187142713
3.806571822
7.903437353
0.374472425
2.355698446
0.974457388
1.200013669
48.14437039
0.802307288
5.979546873
2.22837131
1.808600862
9.893138217
-0.010575484
3.21496827
1.335482359
1.088201061
1.157628233
0.447132746
0.795843191
0.718410586
0.548641387
5.281231008
3.302982201
0.727921644
3.386345454
1.1626737
0.808972145
1.15056565
1.449279591
1.39665057
0.673464164
1.356524539
-0.183444302
1.057246465
1.254753278
2.03065831
0.605761551
0.000203279
1.021436665
2.028288165
5.333725121
0.869623329
0.939321973
0.944185576
1.560528444
4.459549969
1.523419245
0.870791571
15.37279541
0.986300309
3.520860619
1.876565604
1.585555619
2.650580174
2.169667871
1.265184076
1.95775556
1.292667287
0.76524813
0.862206663
0.700076145
1.228741296
1.3024246
1.179226268
1.368428778
2.674947337
0.89460854
1.952871205
1.030271841
1.009886925
1.163853395
0.951307013
3.509744092
2.122519309
0.955907039
1.679170557
1.350853225
1.37869875
1.730273579
1.97983309
1.707951955
2.482316727
0.915602488
3.146578985
6.098593717
2.060768927
1.492499814
1.480590689
2.531770723
1.7023266
1.223864559
3.537032322
2.21020117
1.200735982
0.989863231
1.432591115
1.107031794
1.168720248
1.385028181
3.260785509
100.9898321
2.037328019
1
2.437150876
2.050709446
3.215086588
1.043908661
10.27232492
1.137560241
2.369845165
1
0.101311301
2.955826186
1.488964997
0.684351815
1.681492894
1.39801712
0.846233118
1.028359899
0.864792583
2.75237349
1.656300211
1.1123857
1
0.473541675
1.072052054
1.517018978
1.670399783
2.277317989
0.779778147
0.877267501
0.489055981
1.355137358
1.132851897
4.028490055
1.063652583
1.266286261
1
1.222096407
0.578946228
1.258707479
1.424173672
0.962325714
0.879890385
1.291495888
1.50329931
0.786233931
1.062192328
-0.362833754
2.36177791
1.863083165
1.189216193
1.773253864
3.379897513
3.784625566
1.630337351
1.068477555
1.000853787
2.957642488
0.993222975
2.566881591
0.608146421
0.694840742
0.513539902
3.443748892
1.313470171
2.600037686
1.211745544
1.018182951
1.07958073
1
0.638884785
0.967034722
1.434182885
238.4299086
4.351910045
3.273992696
1.319946569
1.124916541
9.31570371
0.972550536
1.801303693
0.837612577
1.405076757
1.117119476
0.514257793
0.78457524
4.062836027
1.390144301
4.416535448
1.632076467
1.810783459
