1.603837573
17.70816779
1.801335295
5.25556021
0.973415185
3.471877979
0.780421651
20.58115235
5.450374991
7.512685929
0.907829002
6.011733353
1
1
1.074923517
6.505242798
6.505802152
0.801671978
9.126122521
5.487164538
4.804107125
1.033624581
1
15.44385562
6.428260824
14.95428069
1.247657451
2.292119521
4.901906007
4.714052049
1.131141277
3.393942176
14.58993812
3.937858351
0.741683758
1.002456461
0.833178102
3.828895436
1.003920988
2.452147421
0.821671255
2.221592396
0.996819797
0.881220924
1
0.677585532
6.010342108
6.635247205
10.53053735
1.617995894
1.317592869
41.41973751
2.03419197
4.330900244
6.139079274
0.863752163
2.868970962
2.447964002
1.456534939
2.182289537
1.465418355
1
15.39065773
6.155384034
1.53254386
0.946153969
1.239819144
0.90771993
3.203522523
2.070659342
2.685108756
4.834541819
2.252333864
1.002390758
1
1
7.391446024
1.990239561
1.087288583
4.11700737
4.705166944
3.614854129
3.399753776
6.667752144
0.89471804
5.772976323
3.442852397
0.699625109
0.818914255
1
9.791400112
3.353965583
1.842805559
0.7362899
0.717445827
0.781767962
1.84561037
5.021148313
4.733167689
7.095481965
8.648282325
0.888090139
5.035155039
4.856161322
6.684122006
2.859992686
8.549333957
0.88058989
2.612781641
3.284023513
1
1.774158539
0.987180841
3.366072756
12.80085815
3.229066974
7.998251002
4.340936574
14.93630173
1
1.141049287
0.873407548
1.025502983
26.00483167
5.118888428
5.627270691
4.496750309
22.07999944
1.243471154
0.620747993
1.007544931
1.167928698
0.812856814
1.083794108
1.120453938
0.95010402
44.74803589
1.095638273
3.650505806
1.010678786
2.901434973
0.90430669
11.44551008
5.525021334
0.989212735
3.275994575
2.861812756
3.271173889
1
6.197375015
1
2.845984448
5.791199895
6.747675839
7.682235594
1
10.2678615
1.420565321
1.156061806
4.180298092
5.258108421
1.568073557
1
0.741130956
0.866479893
0.740878819
0.993748553
23.05221788
0.745480748
0.719481422
0.794732246
4.652868766
1
6.407093723
0.902737351
0.497319412
1
458.2427523
1.299192099
1.02980612
1.914348943
2.237066742
19.67220273
8.038042731
0.549729284
16.06896425
1
5.48049139
1.057933477
6.521632726
4.064619324
0.716387097
5.440168205
6.484606406
4.14202275
1.018558346
0.94923758
1.020846801
3.124442396
10.21074438
1.067464951
2.261581686
1.587536337
0.556175307
11.80709636
0.690410513
0.537681056
5.331937944
1.798360783
0.901951186
1.127537154
7.318661247
0.853774033
4.203292264
6.519723909
3.895789813
0.804412031
6.575539209
10.10261433
4.785940118
84.26160133
0.815531297
13.24341153
42.59068081
1.78182008
0.56223646
1.855285876
0.604999235
79.80501081
0.883983193
5.18409312
27.38600906
0.545218051
1
5.556665413
4.232144541
0.714776319
1.183087401
1.065388159
1.052272943
1.321389446
14.51790011
0.784953949
2.999093992
1.113271878
1.742356808
4.819477794
0.747238841
3.65329058
1.203313142
