1.495707461
1
1.151267155
0.872372092
1.677431302
1.914752853
1.103804901
1.850994857
1.227045625
1.046634162
0.909659609
1.072257997
0.871961931
1.339234568
1.11335434
1
1.521323975
1.754915273
2.060247732
0.906476518
1
0.908164054
1.114264696
0.887295629
1.481271443
1.029883171
0.921213118
1.204020146
0.989103442
1.61668776
1.40695509
2.583469818
1.034555627
1.219428219
1.995171618
1.207446067
1.151673189
1.183917574
1.04809745
0.597825669
1.37292273
3.206984413
1.34941588
0.82371472
1.194383685
0.931675074
1.553131835
1.160224919
1
1.342599689
1.334035163
1.41795282
1.328502874
0.723517992
1.405789924
2.366506528
1
0.787521901
1.066124525
1.47887587
0.721769584
1.566890133
1
1.029122395
1.116789016
0.969525517
1.082483845
1.787959072
1
0.89465884
0.964278041
1
1.044138235
1.295026313
1.138619702
1.292821662
1.420175932
1.656163887
1.10387806
1.59246762
0.760302665
0.811788702
2.383817473
1.074591684
1.337909692
2.926215368
1.247471761
1.227979473
2.071291345
1.641621265
0.669979064
1.128815357
0.837582103
0.899097295
1.039954627
1.154490659
1.514355683
1.484783374
0.979607926
1.468853893
1.449437606
1.042725523
1.199036996
1.105552313
1.397358839
1.231339514
1.12917445
1.174141044
2.088161912
2.883015566
1.190785501
1.293869762
0.740048438
1.371030274
0.96808126
1.414340605
1.036216602
0.881651419
1.550072865
1.221640358
1.024171637
0.950911883
1.094396383
1
1.415860587
0.83304343
1.336900138
1.045827868
1.808210128
1.916851232
2.088926908
0.998025827
1.917720488
0.875366642
0.934020858
1.294758822
1.254788485
1.307915883
1.397746377
1.816186256
1
1.122973671
1.370498137
0.821533834
0.805467892
0.793253723
0.751672037
1.056327057
1.127440513
1.02573417
0.974471953
0.538751259
1.078451348
1.153327499
0.93328866
1.094065901
1.098958459
1
1.851245769
1.355593017
1.147161764
1
1.105569265
1.342522312
1.069016055
1.050567264
1.278730719
1.047284873
1.093912656
0.98002721
0.778643974
1.002398943
0.962852398
1.035697718
2.283990746
1.18760253
1.190367569
1.318894284
1.043161375
0.764780949
1.428487927
1
1
0.966935627
0.90590555
1.224053481
1.044397888
1.061823112
1.420868418
2.764272213
1.009463996
1.13535666
1.645832315
1.015552635
1.180920509
0.815229131
0.974262795
1
0.720798035
1.120850398
1.147960721
1.070310802
1.126676334
1.558945265
1.290942383
1.457840986
2.013850531
0.923275657
1.33160658
0.950384185
1.780813739
0.97784172
1.228943216
0.888821528
1.147409523
1.360305779
1.239053131
0.976273309
1.16837754
1.059843653
1.987789128
0.895833692
0.797244002
1.056681077
1.515150798
2.055458082
1.239920711
0.858203006
0.995602123
1.409319908
1.400714328
1.140282332
0.704991491
1.562911124
1
1.345823376
1.243008255
0.942321472
1.170476674
1.160159756
1.685463569
1
1.322752168
1.161602563
1.036380728
1.17196777
0.970699965
1.503839591
1.522673608
1
