6.207962047
2.71902717
3.498298325
10.62764333
0.537210284
15.40705828
0.327539187
7.911527306
7.251489664
8.987525127
2.57292411
1.569103287
0.854408563
1.041164056
0.872503015
11.32090273
1.98821967
0.874222587
1.111802732
6.299741666
8.294497131
0.500288748
1.189229725
2.033940017
575.19042
4.547734465
5.1950603
1.005686233
1.27042715
11.52978124
0.724206117
1.564902556
6.067047537
4.110206865
0.938393155
1.2501681
0.789813782
6.413215517
1.174123604
1.816232267
0.865729323
0.957403955
0.922629485
1.034388704
1
0.889936849
1.597333844
4.560031565
1.386891747
2.879193474
1.161593587
17.74075119
3.390694961
1.173099262
1.84938973
-0.967514769
2.177895333
10.00693363
1.924444489
3.329636181
3.514635943
0.816599952
3.00875013
3.470781513
4.322862009
1
3.14073757
0.988030998
1.454313667
1.338576052
2.672664899
10.35136874
2.334819653
0.597110664
0.999289791
1.432570626
1.459945757
3.456485399
0.728630398
1.898749311
2.961464341
3.207171703
6.087625743
2.903569151
-0.000853591
0.386611399
2.194630334
0.33791389
0.750549001
0.942270686
2.658694774
3.266113398
2.498482407
0.881859235
0.619022419
2.459855089
1.091787773
1.759424611
4.740383406
2.587784955
11.55993716
1
1.722378507
7.661439547
1.549937833
1
6.963583052
0.782349925
1.950652305
1.687319193
1.957037426
5.145625095
399.3111176
1.858842887
4.831307521
3.102478203
4.640486196
2.549646163
7.970482493
1.334253092
1.272205534
1
0.996134249
442.2661969
1.138128561
4.78394747
2.257037836
4.18581302
1.302669285
0.392795805
0.993205908
2.032671341
0.917422762
0.778810323
1.003022427
1.006106035
3.076329627
0.794555489
1.757122787
17.58904015
1.580407027
1.043634929
10.02070596
21.31403568
1.151724675
4.012545147
139.7483276
3.796068083
1.238861593
10.58666634
1.133282506
1.882637214
2.749415887
4.898440669
1.30023742
-2.02329744
4.206178756
3.199011437
19.12303371
3.359298338
5.524512651
5.359662822
0.890493813
1
0.561857813
0.727504826
1.121234495
0.927871041
0.943035631
0.503652448
1.079463681
1.715810803
0.786787312
1.283484688
1.039064046
0.601611616
1.717275055
1.862906307
3.614682102
1.185905834
3.20794317
0.980870692
2.089471632
3.983846254
0.530242434
1.110074818
1
2.658762866
0.695189017
5.872931809
2.521584812
1
2.420025309
5.433956224
1
1.347687735
0.83528071
0.994169962
4.506267444
1.051877439
9.822796439
1.672495735
5.526899064
0.416713576
4.217018512
0.824197729
-4.191870845
2.561960778
0.757884765
2.513167892
0.419059703
4.89794494
0.922696793
14.57302295
1.729007277
9.145011413
0.818668114
1.036859053
3.759958112
2.843753697
4.415407146
0.466597558
5.446135122
1.800908567
1.462728813
1.012529032
5.908569127
0.676618158
1.473156434
0.900349023
3.230330635
3.896672958
0.733906506
0.857535092
1.272631316
1.531282651
0.727789333
1.550522153
1
0.967016366
1.018054107
4.956839125
37.59584264
2.259724196
1.148106814
42.31216057
8.214960546
0.687655876
28.50981421
3.638452127
