1.654144158
0.918013013
1.472909279
0.889972693
0.958943364
1.279109807
0.976603727
2.016641624
1.470104381
1.252217315
0.831691361
1.087644175
0.500609036
1.804248221
1.145083661
1.230717094
1.740317942
2.053218447
1.229495324
0.90970283
1.171533086
1.245096091
1.336144729
1.257111252
1.2709907
0.930602172
0.926381905
0.834859646
0.768467175
2.20039115
1.447575252
1.356275596
1.07502061
1.072371429
1.529790326
1.471151288
1.363453067
1.284591077
1.505512551
0.947927398
1.770850217
1.148717469
1.114666472
0.623263064
1.04942405
0.873929513
1.164958083
1.273254882
1.53766961
1.662713286
1.199273988
1.292182782
1.314536845
0.939923326
2.908821182
3.36893967
0.836852111
0.856523265
0.890958766
1.500099022
0.980930986
1.148256368
1.169299103
1.626252891
1.810303673
0.994191342
1.473318246
1.738778909
0.963703146
0.850952163
1.156452651
0.962654161
1.015735804
1.296928516
1.118634496
1.283124576
1.169327088
1
0.846274314
1.142881809
0.927598672
0.637479132
2.475020973
1.33387963
0.697743456
1.704996292
1
1.054697239
1.523471536
1.222831973
0.73847777
1.31401813
1
0.849296487
0.657075026
1.572262753
1.024526118
1.338418392
1.356399763
1.940074398
1.405360896
1.157866225
0.823255392
0.867162854
1.088285579
1.286459559
1.477601851
1.074238379
1.285457371
1.334690206
1.326069987
1.038566579
1.3852782
1.196824944
1.152262195
1.186380133
1.013340594
0.471706571
1
1.63831528
0.823152354
1.029153231
1.040302623
0.75593969
1.111707176
1.195115284
0.953143883
1.023768509
1.385668528
1.856757041
1.392348996
1.254356368
1.697468317
0.833131841
0.563794241
1.420467681
1.591890445
1.127530106
1.923758284
1.414154466
0.85817519
1.470129295
1.411278566
0.82733803
0.783118396
1.096326582
1.016399677
0.98933757
1.316504633
1.173784612
0.847384972
1
1.186371019
1.443460078
1.249764396
1.398413457
1.230383554
1.395655991
3.634952569
1.465007928
1.556679407
0.951780226
1
0.968023301
1.00231495
1.104324306
1.72438669
0.928899645
1.159440148
1
1.377111647
1.385656333
1.025412769
1.000491054
1.560264679
1
1.610337916
1.487344678
1.054096627
0.478189835
1.530423913
0.738096931
1.159487523
0.66773529
0.550146872
0.956723084
1.52787339
0.920981947
1.424444112
1.732401517
0.983551177
1
5.070838623
1.234508983
1.650639188
1.062665437
0.868831909
0.812913762
0.875399293
1.138192085
1.308562665
0.450838742
1.769553906
1.363469783
1.380215691
1.153526748
1.990889286
1.310213453
1.491106027
1.368508669
1.434580221
1.297790849
1.343701428
0.781128268
1.381032
0.940220511
1.735733771
1.304901959
1.262606737
1.131407024
1.345045527
1.267048806
0.82219007
1.048956666
1.123073432
1.575349871
1.335672876
1.508087888
0.760359276
1.270076428
1.548004001
1.003426424
0.931497531
1.779008916
1.360363109
1.280926042
1.196808498
0.974461157
0.936959996
1.098759787
0.864827623
0.994335867
1.741690126
0.883823659
0.835538944
1.239593886
1.214991136
1.301285477
1.927468931
0.904308557
