1.349270243
0.968222714
1.074302643
0.87573071
1.304865473
1.756696438
1.074105364
1.75391339
1.408990787
1.062521297
0.720863806
0.904253632
0.979732225
1.250980474
1.277606313
1.037873501
1.426336708
1.756237779
1.871000548
1.079270723
1.060728948
1
1.270462763
0.6680236
1.444280604
0.939990783
0.941550948
1.201165995
1.080561918
1.958868124
1.19898243
2.532161861
1.138438213
1.179222107
1.726389565
1.448054009
1.597912453
1.026322449
1.12870269
0.87601681
1.316194328
2.376464007
1.153477688
0.972461609
1.032625671
1.111699858
1.398209932
1.245648678
1.094052528
1.580450298
1.368601771
1.576715208
1.187407022
0.833117334
1.380377931
2.261534486
0.920114211
1
1
1.321809601
0.943695055
1.407599955
0.985497496
0.993422246
1.39953417
1.03284035
1.037649653
2.04275259
0.768050833
1.139977577
1.036332708
0.869049676
0.953189265
1.079201597
1.039325864
1.256928433
1.518424779
1.927299217
0.958819485
1.59600738
0.780235737
0.885550453
2.009921926
1.050042776
1
2.779419234
1.080976752
1.273943209
1.820993279
1.608186457
0.973785119
0.974915609
0.977317197
1.167003145
1
1.156252857
1.304309674
1.612500684
1.098145486
1.457326136
0.907064466
1.075242757
1
1
1.433691458
1.566384676
1.216377946
1.339162862
2.074064118
2.36660058
0.992534543
1.213591459
0.750794179
1.467316549
0.999756018
1.357739561
1.411353502
0.855451886
1.529001646
1.418964559
1.209804518
1.032782098
1.142806947
0.747291613
1.288858664
0.755572928
1.550080811
0.950217107
1.723444673
2.056023066
1.966968991
0.918513977
1.830152939
0.891094015
0.696784102
1.427471624
1.23234593
1.283291358
1.443661949
1.842521361
1.165771781
1.020956835
1.549588873
0.631711794
0.851958028
0.967808402
0.888338658
0.992568161
1.324860312
1.039960296
1
0.632247554
1.145051426
1.25212343
1.059052792
1.0392849
0.851971964
0.828813178
1.884956983
1.479967124
1.459494299
1
1.040075576
1.361076139
1.243649863
1.097659566
1.090693186
1.143438146
1.465237399
0.972287251
1.111675762
1.171358146
0.964463082
1.410826658
2.614202012
1.127368713
1.349533877
1.320788459
1.12022193
1
1.314413857
1.108513616
1.087518456
1
0.971414482
0.984384438
0.9745338
1.181522552
1.40336479
5.182005501
1
1.233725653
1.758735389
1.201964054
1.451336486
0.94068773
1.016760171
1.076685109
1
1.106625966
1.274621748
0.878088835
1.046596089
1.490271301
1.313988564
1.554224002
1.794383749
0.992398223
1.38361471
0.906630489
1.694115925
0.978198226
1.42310168
0.928104391
1.496240768
1.319143653
1.261038126
1.143370131
1.208856757
0.877130867
2.028546427
1
0.861558483
1.135493468
1.516864342
2.077451355
1.318500596
1.153293412
0.932058038
1.614169647
1.265172046
1.094342857
0.842667268
1.66133962
1.079693528
1.117699166
1.23198905
0.772244398
1.21590001
1.144767378
1.64513403
1
1.239495902
1.242858687
0.921599418
1.105049871
1.12580424
1.701721421
1.342458836
1.275780892
