1.996517863
1.029411687
0.467091508
2.238214559
3.692113953
10.95477628
1.764139838
0.930507145
1.49909653
1.341154296
1.173049136
1
1.25369302
2.775309871
0.978510786
1.254441223
2.322995581
1
1.216607797
1.821674022
0.775844226
0.585999871
0.874365428
0.842350586
1.692580253
1.40946759
27.81776967
1.956440252
17.99433984
1.446920824
0.817803768
1.240114647
3.738888338
4.496095653
6.086777372
0.750849998
8.318655868
1.154801005
0.918927544
1.126145374
1.037993896
1.181487614
29.30375598
14.85634563
27.6208446
8.400357335
0.679988593
1.44415163
1
0.17920262
32.21556091
1.225295085
4.00811996
1.403832619
2.486806626
2.730578167
2.583210257
2.536931169
23.38028593
1.437975884
0.900221116
1.607646121
1.016013243
0.662411424
0.911373405
1.108493282
0.649217553
1.332107806
4.174608396
3.445791774
0.487702315
3.819802456
1.093562803
0.277981621
1.08024634
1.082767351
3.644676736
0.604962917
1
1.984595195
1.425373576
1.157326979
4.137404593
1.010283267
1.419705244
1.265380107
1.212003924
1
0.774744984
1.185455389
0.907926282
1.014102638
0.961912252
1.936423844
1
0.941131649
3.362456636
3.45893312
2.117364522
0.179358209
1.332753615
1.170522724
4.655219686
3.26412549
9.079590694
0.850699426
1.584798702
1.088718979
4.258596466
1.399689134
1.299556009
4.836309376
1.126764958
0.585435775
1.734863504
8.719765172
0.70472811
5.117402968
1.074137973
1.042923786
1.216782724
11.09504477
1.646027617
1.972037733
1.130894151
1.516419201
2.608918013
0.933332415
12.44000962
0.808690275
10.79597436
5.459763331
1
1.190297657
1.736992072
5.535716041
2.194871346
6.086732504
1.333659819
3.320850872
0.739207528
34.07052049
1.372910645
2.017365235
142.8165601
1.254557657
2.054517812
1.902609827
1.025887727
1.257280457
3.997841696
1.030062757
0.94256481
6.135592736
1.295531815
1.359025793
0.936594422
2.614833204
339.0960838
14.35166365
0.967601145
1.727722187
280.7985404
2.164206073
1.146931716
6.192781921
0.780834328
2.003660088
0.978793145
0.976539116
1.705160373
1.652766949
0.817242192
1.084211174
1.709689373
1.206371164
1.261647154
1.096066969
1
15.4035698
1.234165802
1.41774005
0.994626581
1.568304019
24.80883694
3.242384925
1.82231674
0.556512025
0.493599837
0.758521012
6.778587386
0.918796367
1.132018141
3.099634777
4.559336424
1.218792236
7.135121808
0.856536529
0.998000058
5.174598758
1
1
1
2.076985267
1.065087676
0.78487641
0.835978445
7.432183328
1.80055002
0.710865399
3.611712136
3.16483865
1.920873392
3.238743267
1
0.601189258
1
1.487816331
1.944072932
0.569548896
0.704931813
0.818713033
1.331333606
1.749508075
7.082742183
1
1
0.926985709
2.16422281
0.800095385
0.969665052
1.421607339
1.197935707
4.708541085
1.644489216
1.213534883
5.180637026
1.316999554
1.014143398
3.108872882
1.078800845
1.006444855
0.686358974
0.811430326
0.685729697
1.506119259
6.982752163
8.520529272
1.459571345
15.81183626
