0.883631881
1.12280647
0.731566695
1.298488678
0.960440677
1.147370529
1
1.010494508
1.318915798
0.955661757
0.773124015
1.265727772
0.886222492
1.020740703
1
1.033291133
1.570116232
1.495336092
1.793805621
2.402746121
1.464887306
0.957916774
1.681549511
0.620779837
1.143476956
0.879059308
1.120405327
2.209289027
1.420675068
1.261000042
1.260638709
1.897385572
3.22929861
0.870516005
1.368418708
1.498387541
1.200460996
0.826815323
1.126038347
1.370795485
1.513231125
2.25459343
0.958452795
1.547305617
0.846577235
1.90063099
1.342153818
1.087442483
0.988312228
1.157474805
1.245931192
1
1.370127391
0.645288395
1.402458965
1.239463956
1.490412328
0.873120917
1.26278214
1
1.062512362
1
1.201283205
1.353988669
1.038048406
0.995254272
1.1485308
0.625306772
0.97286335
1.407570336
1.091677996
0.936044577
0.68833747
1.473381386
0.926129262
1.675489232
1.468747368
9.094722073
1.067686353
3.566909743
1.284528934
1.220190397
1.103667607
2.081807672
1.711642869
1.003090264
1.888896108
1
1.497430047
1.492026034
1.229388128
0.576262554
1.368427675
1.948020914
0.838077076
1.118378937
1.700412285
2.381583275
1.108678579
0.89210228
0.512467917
1.51397203
0.849019659
2.321590377
1.641658353
1.082611924
0.931698166
1.736896304
1
1.65654786
1.04126335
1.388540208
0.908936011
0.959510154
0.872859254
1.035330516
1.286026266
2.934921544
0.908313997
1.532402572
1.145637425
1.577070412
1.323324863
0.745670482
1.133544399
0.820009745
2.280715592
1.188108463
1.876337204
0.811602506
1.240051833
1.112587095
1.864934558
1.227929059
0.880806446
1
0.77736333
0.878400541
1.197329943
0.998091334
1.549919332
1.663476318
1.514354976
1.090788797
1.295854837
1.487158643
0.971152127
1.916542841
1.087535447
0.892640009
1.434195405
1.177477692
1.595661064
1.23182817
1.895956301
1.395260294
1.361281834
0.971223759
1.191916693
1.193699176
0.87503076
1
0.864353448
1.251014184
1.549990952
1.653671332
1.090685547
1.34573358
1.317258496
0.942162677
0.913045443
1.208292066
0.909418938
1.605944998
1.097582945
1.302049711
1.202504556
1.076334242
1.06286023
1.218466485
1.226985315
1.073997828
0.741441007
1.326622695
1.631394375
1.564086518
0.904372549
1.404005205
1.481915083
1.418199488
2.697491028
1.21131088
1
1.247664706
1.292055213
1
1.797723475
1.735422578
1.297767529
1.514908744
1.382899324
0.643912309
1.041219841
1.40590232
1.779228533
0.904308176
1.940143937
0.983555841
1.467897452
1.359298705
1
1.111244828
0.987976191
1.41363524
1.275768582
1.831924876
0.736571182
1
1.009344
1.293997182
2.019888727
1.117317786
0.829441123
1.749625027
0.950747699
0.917959794
1.097105575
1.421436038
2.272905976
1.694817232
0.570779782
1.149539927
1
1.46817859
2.760494969
1.044506007
0.993014235
0.851695077
1.018814829
0.938841651
1.477175005
0.897633775
1.010892764
2.332596055
1.325134745
1
0.911980035
1.335427555
1.00293998
1.111764292
