5.237472746
0.478708586
0.723329947
1
1.614611478
4.236608506
1.254464935
0.396483083
0.099394558
0.647152328
1.087242603
0.794048875
7.539802097
4.401088476
0.907048429
0.843654755
1
0.492828121
1
4.233058333
0.58800754
0.441004259
0.210872773
0.845258564
22.00338482
70.71470021
0.685762447
2.863468777
3.796159542
1
0.635850643
1.654867383
1.871169948
14.71025145
5.217444826
0.856668978
20.90895112
-0.458213773
0.644965797
1.086009532
0.751665958
0.646266874
1
1.750645881
8.266785371
2.027282406
0.155376307
2.002962044
0.747479949
0.007804566
0.757658631
1.199210621
3.533340709
0.554001337
1.293099469
9.364424789
0.353702253
0.274722631
2.46257816
8.700386287
0.686678882
2.024979713
0.790722383
0.785378007
0.988062122
0.705565124
0.672607769
1.045038921
3.147048749
7.44979045
0.35021055
3.444362143
1
0.612596148
0.72889251
1.467235975
1.712953526
-1.077434205
-0.32997728
2.178261831
0.704231037
0.946614063
6.20413216
0.429486382
0.539788203
0.531912883
0.981824893
1.314015799
-0.437477542
2.446414741
0.611883636
0.700591782
1
1.07753167
0.558211648
0.883784133
-1.853385496
1.859188007
2.055934515
0.797079416
0.600980692
0.655862916
7.9850168
2.285235183
2.07745301
-0.373739908
1.577937456
1.013382541
1.344709959
3.980622986
0.493013636
2.949350215
0.728517686
0.657353384
1.170612392
0.67887073
0.78600825
-0.852687158
0.545763602
0.790847026
1.036305892
4.022591403
1.271333231
4.941092647
0.658500714
5.314482546
1
0.58356837
1.173231118
0.478218452
1.644939781
1.109223895
0.336350876
1.062574938
1.05219007
1.990747707
2.168872398
8.443762433
1
1.7361157
0.509581192
3.578419969
1
1.353698191
3.473189027
0.656502001
1.742277513
6.26490575
0.721288386
1.083730784
1
0.416391392
0.235469152
1.265625524
1
1.264969858
0.638619675
1.29697288
1.275335993
3.208038551
0.755081751
1.630494243
1.882901398
2.63284166
0.978932555
-1.513952852
0.249568376
4.23362486
0.928284207
0.895560035
1.295936945
1
0.380171316
12.950581
1.266434716
0.968898654
0.798374443
0.104986817
0.576743101
1.157911624
0.665127499
0.639554482
0.823445575
25.48772819
47.06858158
8.959877404
1.319232364
0.0248415
-0.106136055
0.506537601
1.535296176
0.238963937
1.065074296
0.740715935
0.805399164
0.637754811
1.167202705
0.730758353
0.811525841
12.47749659
-0.006250413
0.564635513
0.90731012
4.028026928
0.590228583
0.436974463
0.227533024
1.75104776
2.488791181
0.43823957
1.112865705
11.07275001
1.392993995
1.428050205
0.35017774
0.40956963
0.901985369
1.561582213
1.849585864
0.182090568
0.320730053
0.184234103
0.453297489
1
8.038615589
1.02878968
0.263164377
0.296096295
1.184231294
0.488694825
0.438694771
1.10033777
0.609047473
4.294942812
2.765159092
0.792866278
1.171415803
1
0.245289047
1.709308524
0.88194641
0.097937141
1.158357943
-0.321899517
0.129650311
0.955082465
16.859547
6.483358566
1.02963241
2.819095604
