164.0552846
0.579354097
1
1.851145987
-0.333120494
4.851176414
0.547365883
-7.188838037
2.662722374
12.11364671
0.420974074
11.07650142
1.689191396
0.085821056
0.201628973
4.383447764
-5.012028582
0.522397005
1.253545021
3.226077423
5.100760778
0.811816274
0.37762063
1.831743312
28.53406972
3.02213291
2.666375824
1.026417068
1.906344373
2.346602792
0.551931009
1
3.69911454
2.636982487
0.194313643
0.930224896
0.421909518
-3.454457107
0.607401335
1
0.591683033
-0.878048376
0.900656201
0.752628435
0.593455969
0.46510446
2.599053917
2.409400343
1.117495673
3.649258415
0.43998621
1.463601525
3.160005764
5.39251196
4.826928306
0.265489393
1
4.535030734
7.654102957
2.328148299
0.93631155
0.330845115
1.123051938
1.925511094
1.285183062
0.230774605
1.113252483
0.523244188
2.783965418
-0.057514971
2.49091628
7.232671145
6.720643473
0.67785783
0.995926138
0.814660443
0.614953249
-0.215080355
0.099228131
1.523374829
1.620349373
2.847973381
2.967322149
2.575003263
0.188505006
0.670823749
0.529937639
0.887539712
0.096532278
0.422876371
1.423779041
4.851256524
1.342515991
0.41562969
0.349882506
0.607284911
1
1
1.651432266
3.888754863
7.468491338
-4.383676365
3.082261073
1.804619237
1.912664791
1.195410495
2.956337379
0.077189242
1.18809736
2.232501005
0.582248453
2.912261478
0.813193658
1.409222889
7.267466678
1.119964468
4.329019934
1
28.22725681
0.748918711
1.410218481
0.024478373
0.805578997
11.17145068
10.75975583
2.612497098
1.164743202
2.775388242
8.789190306
0.272197825
0.614620931
0.396092471
0.338200689
0.893882926
0.767973608
0.342636213
5.747376566
0.163296851
11.93933071
1
1.82631454
-0.077475046
1.726680176
1.98906929
1
1.805631154
1
2.008617534
0.48294999
1
0.367685484
3.597312703
1.826884253
1
1.176972608
1
1.303794855
1.256040656
0.361703046
1.108072679
111.0469335
39.17182264
0.546262094
-0.07737099
0.811729145
-0.369654105
0.408217878
0.486173473
0.517635236
0.32602177
0.789100918
0.877961742
0.567679164
1
0.457915508
0.176013452
0.218501439
3.418974315
0.764854046
0.860930472
3.965291651
-1.643017796
15.65656321
1.156031076
0.6067587
0.71848314
0.8651172
1
0.249844133
1.744401163
0.794368221
-0.272798179
4.52363733
1.006613714
0.4342439
0.876961329
0.753431906
0.290696939
3.756698602
0.728942029
-1.084298214
16.49415214
2.262261071
0.424182875
3.471719767
0.594698402
-0.813219998
2.363347684
3.073224137
0.411177257
-0.479095202
1.942078283
1
3.34871066
5.466718651
0.468700456
0.636044273
2.71063485
1
3.5257942
1.746441503
0.571758567
1
1
6.381551213
0.612440235
2.060964176
0.487962783
1
0.356122605
2.81704639
1.309262824
0.212143533
0.342759069
0.099510394
5.128676059
0.663891757
1.02948974
0.934424888
0.610628773
0.406787846
30.06719042
0.83879186
1.625389867
0.43663705
1.485650323
2.940584201
0.458789194
2.682121292
0.543621039
