1.421930978
0.71190527
1.094068655
0.930188629
0.704481737
1.048765812
0.717935617
1.675377518
1.096526112
0.59777966
0.865404848
0.874991113
0.47229
1.2836482
0.925159532
0.701433375
1.358026343
1.339090309
1.262838657
0.989427011
0.851485082
0.811834701
1.189657905
0.662357921
1.205896437
0.962795282
1.007394698
0.654047334
0.804701964
1.39359404
0.909885821
1.034460781
0.789534388
0.758025333
1.020486853
1.19749024
1.339950812
0.965013742
1.060183725
0.583230992
1.200100435
1
1.039022799
0.76489123
1.177297742
0.636025626
0.756859239
0.899773283
0.775459403
1.412615444
0.829051735
1.182775624
1.127192214
0.519563716
1.916653435
1.788389036
0.816122809
0.917765007
0.555097357
1.172288424
0.829048943
0.728337041
0.959244709
1.324237106
1.357719146
0.987848038
0.815324606
1.021471767
0.930859435
0.892001965
0.664285392
0.722040785
0.972977073
0.89621887
0.870276318
1
1.076213474
1.005299461
1.045453526
0.849979758
0.667128917
0.776374671
1.904238199
1.077758081
0.729350696
1.233115694
1
1
1.257968354
0.73343446
0.777957238
1.063148804
0.965392881
0.8187836
1.055818561
1.277892311
0.854092155
0.963542071
0.922903402
1.373316727
0.815417066
0.977852054
0.874792881
0.96490568
0.817514185
1.056458252
1.030411405
1.038019178
0.795519365
1.237187672
1.120998795
0.992270551
1.171707269
1.016861291
1.047444774
1.1514847
1.057544974
0.680445107
1.092191392
1.475049302
0.92930381
0.683914279
1.033698221
0.923084763
0.94126197
0.913709056
0.864110645
0.758550162
1
1.521343949
0.97827954
1.205168899
1.186241116
0.581621162
0.829100544
1.252738164
1.286621647
1.104384958
1.266839256
1.264820166
0.576769843
1.194517197
1.316095525
0.721093453
0.656441777
0.810077161
0.829636196
0.663434287
0.785706191
0.843315617
0.9481292
0.665491792
1.089423615
1.03679559
0.944193074
1.057356711
1.044501508
1.049697538
75.14665442
0.881174218
0.860633673
0.690100901
1.062058457
1.109178289
1.074851098
0.771048678
1.268300468
0.750266685
1.101663404
0.77515032
1.197730511
0.877548378
0.966929678
0.817009293
1.055127045
0.905916976
1.152008684
1.04320735
1.058060878
0.617634176
0.998599008
0.589137163
0.788404519
0.753512133
0.690037553
0.856052524
0.700988345
0.597110677
0.968397373
1.351952062
0.519276084
0.97887632
1.843449361
0.676603601
1.313115735
0.944743047
0.874594355
0.546095151
0.855707859
0.721840144
1.116257873
0.952636845
1.044178966
1.311512341
0.718146151
1
1.532760275
0.87957903
1.088110293
1.324758914
1.138535475
1
1.026480587
0.644001766
1.069805454
1.109695282
1.209352893
0.809129273
0.882822249
1.215207945
1.016045029
0.945939319
0.865869154
0.774794992
0.927958196
1.325190799
1.247514516
1.009507493
0.633371098
1.005118295
1.091048329
0.882951497
0.961001627
1.090937965
0.990772453
1.168621989
1.095139873
0.908590475
0.857415824
1
1.085813453
0.842045934
1.418072378
1
0.807453215
0.654194598
0.631074478
1.010188908
1.365067673
1.019873819
