1.403462579
0.848095439
1
0.555102107
1.017830092
1.299888957
0.924441203
1.523544991
1
0.999573482
0.577162072
0.88554499
0.811095714
0.961781936
0.983077717
0.832589176
1.66158549
1.483205189
1.702980417
0.835487561
1
0.945367881
0.999035926
0.733877789
1
0.767536501
0.58194028
1.043941309
0.738759461
1.519024352
1.288782188
2.835178039
0.824843856
1.064728157
1.304922821
1.102918634
1.232421591
0.827826659
1.034669449
0.751871743
1.06275137
1.992082298
1.182755361
0.841100851
1
0.944757453
1.40740069
0.968885488
0.887170094
1.303632723
1.121217805
1.297675523
1.199156397
0.881688619
1.018843006
1.95701425
0.70701259
0.731970685
0.846236906
1.055118322
0.834441854
1
0.879535824
0.977917961
1.084987195
0.835595397
1
1.513454838
0.853473719
0.920304167
1
0.930909186
0.993197658
1.017653975
1.043738835
1.143602031
1.10330939
1.388743697
0.885450758
1.250381282
0.709212831
0.715523299
1.565528552
0.889036427
1.012284289
2.060691196
0.906178549
1.333853715
1.51879687
1.337291184
0.829276461
1.041507365
0.825360037
1
1.003958031
0.826858166
0.899159818
1.195956563
0.350463353
1.294748018
1.139283946
0.819665352
1.13966692
0.929158882
1.132843357
0.931389846
1.109349408
1.109071604
1.192861813
1.954114479
0.847653848
0.962473985
0.872344346
1.066539577
1
1.028355351
1.011407446
0.604399546
1.414515329
1.143244082
1.087052696
0.817075012
0.921267556
0.86111152
1.250568558
0.691632455
0.908447379
0.893786105
1.493907412
1.453324878
1.532706184
0.898655221
1.418873669
0.789428599
0.698918887
1.25521984
1
0.92992655
1.106938185
1
0.691883604
0.960678996
0.838235802
0.770596529
0.633260935
0.609372805
0.76702302
0.903050652
1.091092515
0.97070089
0.54663263
0.555146478
0.822231203
1.263473906
0.69601001
1.058646433
0.846800204
0.839319669
1.585500205
1.250648609
1.088218111
0.777627164
0.960981833
1.171700501
0.911907128
0.763946433
0.879209684
0.899581977
1.190929454
1.101736242
0.87373298
1
0.883550071
0.832777031
1.768626933
1.009001516
1.059480081
1.202772627
0.986705181
0.873046628
0.884331305
0.798724787
0.810981313
0.572857542
0.786192504
1.177093228
0.858756484
0.696480002
1.205033174
2.332040867
0.754772201
0.853506733
1.502701929
1.035200275
1.118199285
0.817704621
1
0.769569827
0.786592833
1.051712504
1.000334173
0.769754825
0.67851249
1.173947053
1.084504905
1.299996699
1.443372439
0.881266279
1.438726949
0.648281775
1.507843752
0.689892624
1.227364097
0.680179192
1.256899494
1.104409394
1.047105465
0.97185169
0.731535186
0.98888746
1.621670871
1.087584418
0.637560361
0.746500628
1.249440605
1.677989438
0.78222736
1.000665872
0.700450886
1.430380271
1.221944651
1.102884912
0.612007675
1.65600323
0.857308766
1.144263132
1.008248469
0.767137423
0.737272977
1
1.361474476
0.825044255
1.029996615
0.955530802
0.669108772
0.937208938
1
1.234112618
1.207512173
1.010848708
