3.116425574
0.663814735
0.560484807
14.65971357
4.771626097
2.833438324
1.464649365
0.93231028
0.888032521
-0.607434921
1
0.645357336
0.557621201
2.610395579
0.873563758
0.369258634
22.91223835
0.29964177
0.898665586
1
0.535778747
0.305064175
0.901479024
-8.11865362
1.700916503
1.258059929
1.477228962
1.496212265
1.909013931
0.793916154
0.361547161
-0.491860421
12.51723004
0.552807026
1.527117327
0.727449785
1.731300719
0.734647055
0.388469441
0.622360127
-9.738023211
0.718589712
1.497345527
6.977680545
1.210321323
0.909789484
-0.419110703
1.603704684
0.748544914
0.869164756
0.319878743
3.921346117
2.576331548
-40.32956526
2.073629172
1
0.579793162
1.056187101
1.311981366
9.685798136
0.629614315
2.620178355
0.413864937
0.678489714
1
0.814862694
0.510041946
0.600163014
31.23498994
1.46365762
0.066931041
2.041342616
10.47897494
-46.6280702
0.275964097
0.898248554
0.654696943
0.75373459
0.897801856
2.553486366
0.490235367
0.927462675
1.804967622
0.992995436
0.877727517
1.382601492
0.922669775
1.244849572
0.721966919
0.771664796
0.152136833
0.879293181
0.942328225
4.358420545
0.842700644
0.65541656
0.987498709
3.012524849
0.889238347
0.660125674
0.134653022
0.894668083
1.260730634
1.272313171
1.249963071
0.730798353
1.048229176
0.956682499
1.603686396
1.122774759
0.782007069
1.918158853
1.673395317
0.405213555
1.622956573
1.033990484
0.839084258
1.037891325
0.750951912
1.037012971
1.027691271
0.933215077
1.228925107
1.620545124
0.854348615
1.732772333
0.740378226
-0.026568488
0.814427759
0.911741775
1.344332026
9.046794293
0.706122861
1.398523256
1.121303919
1.165865261
2.351778165
14.11850292
1.076918195
1.684699735
0.30142188
1.943148029
1.284858442
1.473767624
1.283192408
1.269579557
10.05813385
0.997987628
0.715397361
1.430649675
1.342327702
0.736412359
0.828424252
1.105627968
1.658317728
1.580770432
-0.366439562
4.317319738
1.137057905
1.483546099
-8.435513498
1.767138373
3.521309429
1.807944475
1.00755942
4.647178818
-0.24038755
1.235507681
0.800028931
0.069357865
3.442512606
0.713502679
0.677553308
3.12267052
1.094975942
0.776649495
0.173787518
0.74334832
0.724691182
2.010323718
0.652542342
0.751203549
0.682654956
0.920871161
1.266236167
1.37196942
1.392021062
0.669069385
0.673033649
0.526010112
1.111199266
0.599356491
0.521881267
0.06215103
0.799830732
0.712099463
1.064093663
-0.253501992
0.847289481
1.169580834
0.112648365
1.022632671
1
2.80408577
-0.309885548
0.867140383
-0.087437589
1.538910607
4.900610169
1.178898072
1.429214187
2.401452781
1.481727535
1.308903485
0.744007125
0.398806747
1.223212045
18.9854596
6.918312419
0.653307859
0.210156222
0.62207913
0.951359479
1.143865017
2.175404014
0.035182297
0.927332765
0.40094765
0.795373596
0.362633138
0.822333079
1.044228462
1.386459249
1.393279176
1.438487875
0.995583178
1.052245749
4.679169911
0.740808665
1.404175922
0.719167028
1.043038581
1
0.826972324
0.761174256
1.09637505
1
3.925207637
1.056410702
14.47890286
