2.512694164
0.9947005
0.84193389
1.342668048
4.744306403
3.121580587
1.934695643
0.938087386
1.621933051
1.170581261
1.458815229
0.874521066
1.102232426
3.60554596
1.042423171
1.166124679
4.276723146
0.852174991
0.971035529
5.253666257
0.869398926
1
0.947516432
0.900825702
19.26356805
1.530035934
10.78729423
5.360055837
3.333031566
1.349236822
0.986486626
2.11748428
1.694952913
2.015207672
2.472206636
13.09554123
530.0428557
0.97041266
1.023375622
2.633824643
0.975985299
1.123634167
4.312703352
4.549835377
1.984474679
1.820388711
1
1.697959289
1.070552357
0.504250452
1.289937688
1.154112704
3.66490671
1.336789673
3.70898316
2.2450963
1.458445661
1.401291226
3.12247327
1.294441474
0.695302266
1.450280343
0.763215674
1.104793521
0.995273457
0.738129144
1
10.4589425
5.850742769
2.950297776
0.546663928
4.890884864
1.551551477
0.733561824
0.962649441
1.152621667
1.095911665
9.946802655
1
1.97772786
1
1.157441717
2.645603947
1
1.494586938
1.002042164
20.83215112
1.356240318
0.83477281
2.765060222
0.941301766
1
0.763898145
1.546179277
1.014380758
0.65560802
11.67055158
2.774646519
1.463229147
1
1.289528585
1.350684298
5.951730069
6.293233259
34.7549976
0.633550014
1.570828181
3.003148975
2.492274508
2.233280169
1.254596467
33.9718133
0.995100449
0.957295758
1.482180923
1.487716392
1.170120556
27.4932606
0.527246061
1
1.437985327
8.64850593
1.734635261
2.085996181
0.316405298
1.484549539
1.397106882
0.856431425
1.5678479
0.832244828
5.804032302
13.11201974
0.941073973
1.378656697
1.633543846
2.819996531
1.865991116
7.31663287
1.219041665
4.569698448
0.619297303
3.978054145
1.409229221
6.770690637
32.04825537
1.103408304
13.53783874
3.662939963
1.124856412
1.284193629
4.728398133
0.775538693
0.775344366
23.97973977
12.65275488
1.214690499
1.434340651
1.938701106
21.16205873
2.588605109
0.919200764
1.674026592
6.809381359
6.978870726
1.113371445
1.856473032
0.542686987
4.325447043
0.932942445
0.757005233
1.445669492
1.428689938
0.860140374
1.482943996
3.353461368
1
0.938387229
0.607572424
0.733710051
1.751474681
1.431546474
-0.350494176
1.050600305
1.245099079
3.948163023
3.535698542
1.76737898
0.904292476
0.58347007
1.136204558
55.3842502
-0.047767724
1.059522633
1.438114843
1.294591292
1.023146595
11.53025119
0.892461965
1
5.791514885
1.074985279
1.131726175
1.213849629
7.076982991
0.772890206
1.043867161
3.996647945
4.063274335
1.934699824
1
2.033267341
8.200393571
5.153709365
2.112334058
1.028632469
0.997435937
1.573755348
37.25522672
4.637487845
0.722477609
0.058897524
0.719616976
1.163121272
1.649176106
5.329251274
1
0.945198656
0.337366531
1.177447869
0.547841921
1.069685256
1.298892643
1.087435342
6.122957756
4.264542367
1.547551965
1.759696162
1
0.788742309
3.96000063
0.966057633
1
1.068339078
2.776117525
-0.177470385
1.49252917
2.144816566
3.785024246
1.228665623
4.53177002
