2.359054798
5.345202551
4.25487156
2.796348679
0.864790731
1.678061098
-0.108185833
3.801961335
8.467337166
2.351008674
1.192742661
4.675708565
1.033576836
1.835686469
57.67830491
0.951905565
10.39008284
2.211339896
1.317123111
2.098950423
4.255751536
0.366825933
1.233934337
4.956489604
12.6297859
1.718602722
1.363372541
1.052379584
1.206068057
13.48704179
1
1.475793554
3.994317258
2.441476508
0.881201636
1.046344111
0.957645316
3.047503799
2.862968932
1.808638811
0.924281877
0.683607749
0.841996521
3.402853824
0.79933334
0.822384641
1.368876626
2.58532092
4.417838503
6.032534373
1
3.14464869
2.758128813
1.260810901
3.431958175
1
3.447763689
2.299033544
1.662011969
1.523885681
1.970860448
1.067575846
3.352845029
3.731323143
1.546616645
1.09525361
1.857742589
0.991077838
3.423037586
4.09177308
5.522587113
3.316504753
1.674182489
0.827542378
1.708978415
7.878126646
1.448009547
-1.843175032
0.655731979
5.858580922
6.036408901
5.913643593
2.517656591
2.512207923
0.589295229
1
5.889675314
0.472627634
0.678804271
0.534856369
35.29890741
3.651347328
3.831117374
0.792273911
1.075706212
2.271625796
1.193624828
3.318103817
137.6300474
2.516432507
5.888770628
0.39309932
3.203924894
3.289547769
5.393741028
1.075569841
9.735139135
1
1.044223046
18.78270112
2.164923916
1.411191579
18.26766342
1.72759326
2.550600537
4.398269519
1.161138706
1.868893079
2.819528386
1.135605858
1.343604058
0.684025733
2.506476154
22.57882566
1.24704948
2.949560741
6.375418788
10.21553888
3.511105915
0.284543365
1.329413052
1.549644698
0.737178996
0.616970172
2.972533994
0.820771419
68.11560164
0.495284381
1.604187565
1.060741829
1.424174275
1.061276304
184.7699937
4.421835117
1.039788411
19.75308987
2.627651674
11.21292729
1
46.31538275
1
1.687466286
23.87781873
1.946037463
1.42957244
0.732042307
2.357795532
2.205726967
1
22.16120766
3.549648502
1.915954749
0.884082959
1.104706251
0.578638569
0.683836343
0.717068927
0.598729544
0.463289831
0.49823948
0.916453887
6.536057226
15.21726612
0.771983689
0.87932057
0.429549303
1.115413216
1.865336167
6.477812074
1.846303491
124.7262245
1.08349103
6.883134089
10.33291735
0.621215763
1.071603336
0.96746734
41.06116645
0.764623035
1.221506586
7.919557567
1
3.320520883
4.570221105
16.21141543
1.262213968
0.884747946
1.018574629
2.273550001
1.099821909
0.094757494
1.491747221
10.84354219
0.640239652
5.712063824
0.763973254
1.266217294
2.889598121
1.688268239
0.936198734
0.321169734
23.55217255
0.961997747
5.979947372
1.421414058
1.987821181
1.053832548
0.944604065
1.547771287
2.281063513
2.534819345
0.734994078
4.08518692
1.762234887
4.941480633
0.779286413
1.560648723
0.474307652
1.338865099
1.010873839
4.505232378
10.57505241
0.704806533
0.907846403
1.059672611
140.931771
0.568210622
1.395941345
0.647057944
0.858993451
0.92755475
1.53543155
0.902876112
1.30169523
1
3.143758117
3.200380822
0.829874156
2.755322389
0.839423493
