3.737717414
6.472792989
5.185582296
7.724365501
1
22.3976095
0.747386578
4.997667918
7.231191014
9.524905004
1
3.175898271
1.065266641
0.434263461
0.768582486
1.026470892
5.185901714
0.981833423
17.63660363
2.974231611
9.742698457
0.941314068
1.126282582
14.84610133
3.244275343
9.346445943
1.582941688
3.327526162
2.580165504
5.833474049
1.28896065
1
2.442081939
1.82224942
1.003217656
3.197045905
0.896371226
6.130192892
1.22642875
2.980616412
0.739166339
1.108517456
0.804047933
0.784232591
0.962605829
1
6.461827686
4.812997788
1.282908822
4.790141648
1.338222711
2.654570002
4.506654576
1.715633613
2.673660871
0.890677502
2.439640458
7.581699352
5.354100494
3.086352692
9.495532552
1.138183302
1.562634724
40.03476865
1.629946148
5.113530008
1.044526787
0.413157744
6.221215545
6.4685774
3.63225862
5.013507737
3.403546741
0.91036592
1.061700852
1
13.14147377
2.155078158
0.90359104
3.805670145
4.022377902
4.156579256
13.45980872
4.994651781
0.922216722
1.174781967
28.53191478
1.092104067
1.075101695
0.918980213
1.797909974
4.514018539
4.243848638
1
0.787394554
0.860359455
1.874710684
2.909722654
2.098358687
2.37842035
2.071973047
0.91645107
3.53615405
4.448864194
2.717457615
3.399860984
2.736121509
10.1167915
2.871973715
3.674953402
1
1.987557689
1
2.554827595
2.077061024
11.7382685
1.186795434
4.115234323
2.863142208
1
1.480843171
0.847252284
1
18.57363782
3.094281392
2.044962666
2.198032366
3.67790938
12.07268364
0.772842706
3.088143997
254.862195
0.859228703
1.001288544
1
0.680410721
1.049350823
1
6.397779181
1
2.699966424
0.661961004
1.347561211
3.244258262
0.984974932
4.894198485
4.810006514
3.455053949
1.147890839
5.94665367
1.262132778
12.7075794
4.052036325
8.816425899
3.01366532
0.779397147
3.590222332
1.268224982
14.08240162
2.36779511
29.42723153
6.664534137
0.956624248
0.982522725
0.512703825
0.917353881
1
3.701657298
0.873662044
0.852483263
0.820361221
1.52818557
1.060411669
1.262361772
0.666893572
0.799580432
0.929998442
182.0829276
1
1.026345352
6.276159513
-0.748834381
1.469154888
29.66974888
0.857369589
4.970674434
1
4.434319998
1
0.630777238
6.111161833
1.241912716
4.2164567
13.28759284
1
1
0.837253192
1.181049606
3.614746256
0.94769054
1.04147598
9.302541581
1.274734623
0.957260619
5.278240447
0.705371383
5.032377764
4.68567924
1.909594255
0.821541765
1.106181611
3.230871204
0.832154097
3.022226966
18.13168253
4.456373093
0.870388116
5.255555666
3.234107404
12.61684045
2.163488466
0.733504621
1.396416414
19.19020363
4.267752201
0.934900219
2.103961514
0.568859582
7.075288918
0.119443768
10.11213557
10.17717173
0.889247975
1.052824335
1.134554678
6.124704279
0.921767136
1.326791439
1.110898504
1.04915427
1.127902646
7.002244715
0.950564086
18.47007821
2.43373476
8.811030901
3.701867119
0.643291564
3.540375006
0.937473847
