1.465216305
0.971406596
1.037260923
0.832975994
1.473831489
1.900151998
1.075211351
1.628593467
1.286730599
1.03137756
0.943998075
0.926751967
1.117558524
1.158879182
1.249446096
1.009292268
1.396846659
1.854552931
1.84413757
0.822328263
1.076954158
0.989268058
1.227851331
0.922355566
1.394229934
0.926671988
0.961602497
1.323323612
0.887449148
1.730216278
1.236100489
3.231406379
0.813370701
1.125957798
1.872479404
1
1.461857274
1.105103386
1.22858426
0.638649074
1.402020213
2.319431961
1.151273301
0.757119283
1.320892788
1.123033662
1.556188574
1.208501416
1.086191404
1.29382884
1.40478512
1.597325764
1.365878969
1.069838973
1.3159126
2.149659034
0.894335057
1.030251714
0.904021328
1.132567804
0.788041737
1.459224297
1.016454989
1.0444179
1.071438621
1
1.022241116
1.929614084
0.994732641
1
1
0.881010104
0.970466481
1.169642277
1.058632139
1.217713459
1.357470843
1.800775151
1.110395623
1.731734976
0.77294938
0.782128119
1.999817715
1.062309086
1.1296124
2.378554643
1.084537233
1.275857133
1.75257478
1.463012754
1
1.134480415
0.697402934
1.101615156
1.227788168
1.027642463
1.460443594
1.301051157
1.039996324
1.564903416
1.410043896
1.133929935
1.187498428
1
1.314934384
1.673371565
1.356010726
1.013826674
1.923067195
2.7466844
1.196914042
1.24689324
0.959167221
1.403459041
1
1.36333677
1.213323302
0.835803891
1.54552431
1.494981816
1.252630748
0.856893185
1.121935665
1.179265946
1
0.91772591
1.219754307
0.911590893
1.688247742
2.003264403
2.140082906
0.950019917
1.844671481
0.825286218
0.894227088
1.376572279
1.32015338
1.275044041
1.423927068
1.576482875
1.143685329
0.951404693
1.450079218
0.592205691
0.730734004
0.919632222
1
0.810125263
1.215223345
1
0.901892947
0.735170292
1.003321409
1.220995483
0.919164517
1
1.172583663
1
2.099088382
1.384628105
1.292354551
0.748997608
1.02739541
1.314569055
1
1.09936176
1.110305419
1
1.257402669
1.141868844
0.959787418
1.228711796
1.032945422
1.503980525
1.99274167
1.174496957
1.063576766
1.210208706
0.879251197
0.939578569
1.370811556
0.845660853
1.212910408
0.959090881
0.779441717
1.101426567
0.981508184
0.906655854
1.387737955
10.05522771
1.156004441
0.961796159
1.731030088
1.093082667
1.512887563
0.913071725
1.017783477
1.090609415
0.932479479
1.078433609
1.170684212
1.015721283
1.185329485
1.586100243
1.296390781
1.550561311
1.813929878
0.947715884
1.519273492
0.94826864
1.725133196
0.801237567
1.069860538
0.897868146
1.42092564
1.422911547
1.140650653
1.10088434
1
1.070173038
1.916818856
1.023973272
1
1.114310832
1.450109939
1.86335437
1.102341246
1
1.029858043
1.391572075
1.432135338
1.137621966
0.931096023
1.764999662
1.220722876
1.380749304
1.181969618
0.810364165
1.134829803
1.131453679
1.668427255
0.913602238
1.292874301
1.111419162
0.596160129
0.926568226
1.120551277
1.45591238
1.343134505
1.174317813
