1.658944018
0.857538445
1.297086164
1.136705138
1.165662014
1.394757543
0.936177427
2.038562964
1.440650519
1.217913988
0.860430222
0.821064923
0.750337109
1.399110577
0.807958401
1.096925061
1.536889262
1.714451348
1.219257809
1.110503348
1.279557149
1.123596933
1.144122402
1.046983901
0.954947089
1.078382581
0.705747243
1.023274486
0.779300428
2.070414054
1.386547583
1.437934215
0.772330593
1.128856383
1.309697489
0.992847162
1.496216781
1.146445935
1.257055439
0.814563213
1.634470652
1.211890124
1.192620752
0.971502819
1.360654314
0.843632693
1
1.19687026
1.521221776
1.461108002
1.163007523
1.44025009
1.515000156
0.874196831
2.83468871
2.386083141
0.990711022
0.958115008
0.591735971
1.717078141
0.993135409
1.010934313
0.608063156
1.09506668
1.770660336
1.073605079
1.309333191
1.613244898
1.233013913
0.919210448
1.146165325
1.143318839
0.959684111
1.13036846
1.095875086
1
0.833961143
1.241197641
1.151409959
1.186924664
0.639391219
0.458631249
2.366078799
1.27783044
1.176946153
1.471177358
0.819467129
1.229959097
1.441835062
0.967181039
1.181122625
1.446683466
0.942205312
1.088512702
1.1833814
1.279370069
0.917818457
1.203680053
1.307363107
1.839320666
1.314124783
1.089405707
0.485028689
0.818024793
1.189268458
1.027693107
1.06696129
1.096646962
1
1.153078861
1.259334401
1.096920761
1.314165584
1.116453109
1.147228197
1.350062738
1.212358914
0.897872884
1.286387579
1.643411002
0.803972847
0.837897712
0.904340547
1.231388052
0.988465181
1.187447943
0.995760359
1.010372849
1.108491975
1.763360747
1.355136045
1.23218495
1.642066014
0.887892859
0.503970727
1.587901686
0.94445414
1.119979925
1.62255483
1.598638669
1
1.344056138
1.29552502
0.83305973
0.816792623
1.04687698
1.185907302
0.838023051
1.136782056
1
0.93496511
1.007018768
1.264314134
1.481254265
1.289296987
1.525085131
1.135451184
1.18902751
3.421921013
1.260926303
1.379938893
0.861539072
1.33112575
1.200226391
1.049589214
1.165513417
1.55896925
0.456358451
1.144467583
0.877652902
1.213174725
1.073320967
1.171663686
1.136308385
1.381958848
1.189496812
1.462629652
1.172106382
1.268694433
1.179502147
1.194278177
0.619930206
1.199558227
1.020303615
0.712291872
0.853543599
1.206899977
1.006488576
1.372342909
1.659799513
0.747851939
0.976180171
2.379955403
1.134993109
1.49260905
0.916026751
0.641549307
0.77633406
0.92484327
0.793387593
0.03596849
0.93455228
1.654203931
1.494399711
1.27993467
1.365335373
2.105209871
0.937907743
1.433518734
1.415973891
1.530169315
0.615329148
1.002121853
0.771645989
1.520412866
1.059571432
1.632634373
1.138609939
1.253881317
1.443460961
1.374639512
1.050171787
1.018709426
0.646016871
0.57311153
1.486006079
1.460508305
1.158239816
0.938309176
1
1.334733312
0.931268058
0.650354541
1.651407703
1.261301282
1.061391586
1.169794152
0.937809503
1
1
1.178507427
1.043471548
1.774658087
0.883986772
0.820147555
0.890878963
0.981683661
1.171142448
1.393100719
1.102622682
