1.047627328
0.736924742
0.910158893
2.063699348
0.7029972
0.940277491
0.690841854
1.241463063
1.287711466
1.193001272
0.656953153
1.417505423
0.69251592
1.299578103
1.253587254
1.305508643
2.193261033
2.348160061
0.980475104
1.765215835
1.179700687
1.238604781
1.766022518
1.013053691
1.453472618
0.842683387
0.966393768
1.295258934
1.12418451
1.394353038
1.058712059
1.494267828
1.712355927
0.851920308
1.532323288
1.971560919
1.126736298
0.942352207
1.140971196
1
2.003748982
1.09823596
0.724492918
1.443264089
0.745453948
1.217828836
1.342843113
1.440713001
1.641545688
1.280291539
1.253958683
1.748981114
1.269042359
0.827315409
1.922652778
0.264919481
0.981326688
0.858412546
1.421934198
0.958135891
0.854759779
0.848888995
1.825763062
1.848523528
1.860250468
0.942519121
1.389573515
1.226904087
0.704538638
1.855468212
0.720472464
1.196989535
0.703710459
1.565049951
1.243439522
0.706439855
1.104730219
1.342588646
0.888980945
1.630837217
1.240151595
0.85088293
1.029243696
1.540640476
0.757232907
0.739083713
2.219264093
0.719477935
1.121457051
1.049570978
0.757782765
0.800307726
1.464781811
1.905826443
0.725567147
1.016569726
0.93058902
1.063584263
1.249656688
0.814815518
1
1.039654639
1.226630498
2.064333522
1.291214799
1.027223598
0.946714333
1.231474691
0.474087463
1.809404679
1.017658067
1.122267847
1.578933413
1.326131236
1.107090152
1.00493024
0.851520444
0.706378444
0.860943347
1.580535616
1.17951801
1.079694602
1
0.949401991
0.978727965
1.08718015
1.483197705
1.425425535
1.435511693
0.960771506
0.729059742
1.492717763
1.512672453
0.958979342
1.043689371
1.186425819
1.052005141
1.042110623
1.139624562
0.876941968
1.299777452
2.540686382
1.308860971
1.267198864
1.011913175
1.606452412
1
1.218411536
1.5380734
1.277218085
1.174631592
1.532362187
1.493806467
1.229156169
1.833030562
1.676218436
2.010656394
1.440488095
1.651200318
1
1.108769008
0.743500707
0.988087591
1.708909865
1.252889171
1.328193587
1.659852507
1.033784512
1.143413622
0.940588082
1.418508445
1.392579926
0.986161316
1.929619527
1.265833679
1.005028693
1.085651939
0.955769848
1.169779478
1.286844921
1
0.957464566
0.628949386
1
0.906092
1.152254726
1.554230369
0.742063856
1.075530849
1.025969157
0.942299177
1.496193875
1.274251273
0.964545396
1.564151533
1.033539953
1.000539221
1.497932565
1.322055564
1.159487072
1.23160813
0.601250403
1.307603627
0.506731111
1.663266775
1.044086438
1.005889063
0.984540657
0.97058259
1.112692978
0.815332142
1.341928327
0.808643722
1.384050487
1.060405417
1.958286731
1.304066496
0.390949904
1.112007612
1.303865109
1.595322777
0.948366533
1.26849084
1.317057623
0.839631619
1.201655795
1.003801821
1.535131148
1.102197582
1.405203473
0.876715494
1.017762755
1.274599297
1.429725484
2.422348191
0.453579858
0.795736326
1.328805158
1.064112712
0.978265348
1.173403542
1.225473777
0.804541149
0.726422075
1.232907837
1.554465624
0.992466162
0.91290932
1.184304388
0.723694702
