1.778655948
1.086252979
1.105020859
0.705931557
1.641182104
2.263641258
0.994844674
1.98129025
1.375239139
1.070450594
0.925986223
1.184337963
1.071808333
1.310459671
1.068741136
1
1.616397399
2.010618521
2.455505185
0.902721877
1.150212383
0.733998111
1.467376457
0.673994405
1.56109488
0.840088465
1
1
0.972413927
1.87979637
1.484739423
2.625977279
1
1.225733774
2.070014294
1.414591105
1.283400063
1.106080339
1.278496435
0.826717311
1.511352872
2.344528934
1.306199814
1
1.377013104
1
1.519497176
1.395399968
1.071881456
1.397394298
1.59547741
1.455488981
1.174191641
0.998189922
1.427024555
3.443304147
0.929019526
0.752751834
0.92071159
1.510953525
1
1.595652223
1.102056682
1.081780017
1.205780733
1.065629708
1
2.231312656
1.033746235
1.034226224
0.949760956
0.855267267
1.062532241
1.015020073
1.155370962
1.365718784
1.354343845
1.984239113
1.174377904
1.664625277
0.943411973
0.926041266
4.155591258
1.042590232
1.299823656
2.943019348
1.474155972
1
1.960236446
1.496439916
0.862665546
1.363979244
0.940891055
1.162310552
1.299255793
1.309075489
1.508625067
1.229900988
0.989799162
1.802673044
1.300732671
1.190786323
1.392932919
0.815827677
1.519343509
1.472544646
1.463944259
1.277442423
2.04188479
2.540902238
1.215422602
1.074831606
1
1.347480329
1.072255499
1.256455442
1.042542123
0.932800138
1.856829047
1.418077724
1.359629501
0.970084859
1.129909105
1
1.355157429
1.02854342
1.419716723
0.93862112
1.854193627
2.207172709
2.175454614
0.742804552
1.991900741
0.821066984
0.959396117
1.67833975
1.295324944
1.467300071
1.466140612
1.940917254
1.287123943
1.0363563
1.397488676
0.734576074
0.85655094
0.913761756
1.015224343
0.903618088
1.368659792
1.045683637
0.871791639
0.800769116
1.128572423
1.331034101
0.967026682
1
1.050553618
0.990134242
2.265753555
1.678205677
1.482790087
0.851344421
1.067853074
1.167939933
1.047100789
1
1.369207974
0.925615421
0.849944881
1.182969793
0.905983438
1.152288286
1
1.145893924
3.152966011
1.562495623
1.435406578
1.402430798
0.972476192
0.820990171
1.573678948
0.979157599
1.137145612
0.997444852
0.929289586
1.178148752
0.98862445
0.982877848
1.36283895
4.436519509
1.096521781
1.26303182
1.546864604
1
1.265386907
0.665870404
0.988873994
1.048504449
0.953066342
1.100566532
1.253761254
0.810693128
1.391661508
1.235669997
1.382265695
1.40224915
1.941623593
1.116325391
1.469506705
1.190819315
1.814863029
1.096683505
1.243515163
0.653724174
1.481385849
1.327857685
1.244231636
1.074448052
1.059559852
1
2.17287302
1.092280706
0.950466772
1
1.471029941
1.941668171
1.348193943
1.272615221
1.081343632
1.450320228
1.486911221
1.043911542
0.987458968
2.060964673
1
1.372972105
1.178599105
0.804998848
1.318277677
1.362111132
1.694748071
1.093235767
1.128103228
1
0.973112233
0.86498468
0.972314017
1.753972848
1.466842427
1.178564231
