5.698436168
0.874129209
0.821455833
1.73519883
4.019407989
6.077540464
2.073887849
0.934903403
1.364425312
1.031267324
1.246328364
1.084641414
1.139219789
1.847963244
0.749653101
1
28.4542672
0.850034487
51.87614875
1.977350854
0.627221508
0.662969319
0.670274622
0.996126902
1.343235216
2.568322076
6.705221871
69.38699126
2.999186232
1.432286883
0.562298269
1.408001835
5.364899543
10.98370453
4.902412309
1.051547188
76.1885336
1
0.488973012
1.085519751
0.90081995
8.030796048
209.2238982
29.20375055
1.490205841
2.324423201
1
6.591957918
0.758982896
0.736726858
1
1.215920563
2.374809468
1.294057904
1.761906956
4.697967774
15.67009321
1.413774046
5.91622461
1.281689181
0.835075727
1
0.783924194
0.861401753
1.079536174
0.903051711
1.128455194
1.429043537
3.732631349
6.900342513
0.514703879
112.0935274
0.98754268
0.915010021
1.025304455
1.280018025
1.010021802
0.775096482
0.901391176
2.545339988
1
1.288464886
6.345419866
1.371876915
1.361444324
8.658830632
1
1.543334813
0.868578217
6.123171972
0.787856104
1
1.000442799
5.473176269
1
0.554852265
6.171042149
1.998241796
1.532926041
0.795947176
16.90062577
4.969088867
1.684763929
23.47542116
3.396857404
0.838540678
1.865367182
6.36516337
2.328285142
4.388346859
1.192559746
4.208999215
1
1.095473312
1.526287662
16.88955081
1.141375412
6.825502499
0.629269928
1.059582419
1.244760434
5.88807487
1.632252225
306.6922755
0.977772818
1.510308694
2.270881237
1.182478957
1.418297326
1.052884826
3.408157694
2.360089122
0.869635197
1.37990356
1.607667859
3.283775353
2.21013605
3.523924946
1.466096315
4.543174132
0.922863462
186.7560769
4.929524319
1.481983418
9.200014054
1.134598521
4.684844535
3.804072266
0.930523943
13.44779239
6.23953694
0.920638906
0.50260525
29.31656706
14.58617998
1.200851053
1.160674884
126.140268
1.419223378
5.707921787
0.803543035
1.74865624
2.718336521
30.33027012
1.202249844
3.322616551
0.677648333
4.737425272
0.904243469
0.895212233
1.718958959
1.512393394
0.739960947
1.320113866
2.66867174
0.932732508
0.96954048
0.834547214
1.133819693
1.423018757
1.305482592
3.30452994
1
1.523195164
4.492830182
10.16434967
1.729708568
1.00431114
1.060301763
1
7.810775539
0.864694881
1.262339223
1.268823031
1.21796354
1.25888126
4.707924571
0.805090648
1
1.430973375
0.889113233
0.798818971
1.18188476
6.991440807
0.433409852
1.158302202
0.800642318
1.701428625
2.773241723
1.130243386
1.726550743
3.902209205
3.521990665
1.839388129
1
0.113731606
1.184605977
10.55941479
3.658092178
0.796341135
0.738458014
0.750805847
1.087327148
1.076646711
4.56998493
0.904296725
0.887555138
0.935344461
2.294557134
0.70345818
0.940105803
1.349445251
1.286222357
2.119689267
2.105972495
1.220599065
2.323098251
1.221761584
0.79358427
2.22863614
1.101919214
1.068976142
1.098254372
1
0.474923017
1.590919445
7.040095433
10.48807015
1.358600049
3.597017819
