4.591069394
8.444175084
7.100657163
9.95534526
1.547932396
2.462456375
0.830660565
4.791201938
46.69161349
1.894898945
2.304551027
2.795672794
8.044930775
0.69349554
0.732872713
122.421599
2.451171191
0.580424254
1.027597108
2.079094118
6.621715798
0.804172641
1.037104973
4.113052468
11.00659868
10.73127071
7.271874534
0.395611025
1.495876385
2.656335569
1.313902989
2.802074044
16.76236908
2.583053231
0.775412563
1
0.569647546
4.734843071
1
5.192323324
0.614350081
6.399803362
1.045403486
1
0.86635816
1
1.978069831
6.360502439
1
1
3.448579659
1.979791732
3.529476139
2.359487237
266.8119354
0.861811325
6.22210975
5.54677838
1.709254006
3.11964214
1.22136113
1.052907072
2.563352479
9.835659879
1.656218382
0.719189944
1.01154908
33.41067143
6.474773672
1.131306333
2.751354425
3.341887049
2.4100518
0.887031632
1.408331231
0.934620572
1.094898111
1
0.793949832
4.122395695
226.9547741
4.170571617
13.94858951
8.633215237
0.747892703
8.641348308
2.507538357
0.902707701
2.795692268
1.097210961
1.712302604
2.92066987
1.620495507
0.877540776
1.468322584
0.82148134
5.512964916
0.908455413
1.636291448
4.023168412
1.624832316
0.672033318
4.111521293
5.615953676
9.22535144
23.15301458
3.006251791
0.73209065
1
3.520226013
0.709839288
1.630909667
0.845905536
2.858155992
6.674217608
2.589490257
1.223692215
4.758433888
4.002871737
1
1.229202069
1
1
4.055822466
25.92023497
7.764098208
8.718630956
3.481624667
1.634368926
0.162745859
1.454836397
22.28877943
2.03456725
1
0.939576505
0.491957
5.307114907
0.343826674
5.452106367
2.196626084
4.498031989
1
1.336827403
3.14294464
1
8.471860259
3.534288719
5.563902715
1.04452996
2.818137853
1.112403707
7.341107271
3.305409626
4.640889557
15.05953208
1.023753297
1.920012247
3.786598301
1
1.565834779
88.96983607
1.943309179
0.763495125
0.931088288
0.815623743
0.774738226
0.913892143
7.208718657
1.152245359
6.418777141
0.799825589
1.241738896
0.785373683
1.21424463
4.463435489
0.313360715
1.12004276
1.627464927
1.068355942
1.134584676
2.027725605
5.706313964
3.799487522
3.117562139
1
1
0.901434502
11.61840594
1.118641552
-3.580922554
1.79861655
0.686781596
6.484127412
1.86175294
19.48950474
1.16922685
0.953253321
1.063402974
345.8568796
1.373946824
1.342704958
61.92980768
1.085951674
0.78113322
8.194929497
0.652199207
0.894024023
5.270506526
3.918988419
0.842038584
0.770147756
5.751364645
0.999384654
2.906025453
1.746511947
1.700455183
0.61821798
3.055257244
5.409475663
2.548841638
2.698315124
0.541150342
1.119966503
3.695666441
13.46502602
0.606199633
1.883107745
0.998198991
3.324164945
1.032731638
2.23708365
8.691293761
0.555477902
1.110091717
0.986590414
4.494546229
0.955175864
1.319245592
1
1
1.09341267
7.309621997
1
3.020862513
1.306290923
22.70646942
2.674954928
0.840263969
3.713767711
1.019902871
