1.799169972
0.620869533
1.411800446
0.961929851
1.101783235
1.341775332
0.780658797
1.951854981
1.455690802
1.307833425
0.801151183
1.038712678
0.743314328
1.843923726
0.846888143
1.181685528
1.543724811
1.843931325
1.425228737
1.171316393
1
1.006025145
1.123631517
0.963382507
1.273615696
0.809779809
1.094350416
0.838931966
0.750401797
2.325666382
1.333724977
1.471295262
1.13058184
1.168682845
1.401525664
1.384203577
1.42379809
1.286283367
1.679160524
0.684731346
1.604566409
1.108688663
1.066437917
0.906866148
1
0.755217298
1
1.452457184
1.294152136
1.34716287
1.387271147
1.634666645
0.804760743
0.826964763
2.375452647
4.872515697
0.99140269
0.84778471
1.07426854
1.520756661
0.796864964
1
1.272333033
1.68785373
2.116691146
1.027581077
1.441002635
1.588754718
0.992941828
1.062785808
0.992484749
0.760155381
1
1.037900862
1.104133527
1
1.023382753
1.00870504
0.997550003
1.140625383
0.879021835
0.706787247
2.46367484
1.205747712
1.081948716
1.556422846
0.605733393
1.142412835
1.45525133
1.038536172
0.731888091
1.546178966
1.135370469
0.778670935
1.012529526
1.322792892
0.789965166
0.860161592
1.290112662
1.909737586
1.149788591
1.086026837
1.015738454
1
1.187805333
1
1.314277981
1.225828853
1.20444989
1.340412021
1.505454952
1.083767992
1.57334631
1.264733173
1.190218031
1.332091073
1.11658164
0.639104135
1.225345464
1.586610638
0.976758245
0.991048666
0.643860226
1.209683204
0.723836121
0.828257251
0.308701934
1.085985141
0.771896623
1.859706537
1.430087342
1.371227553
1.38576723
0.816333667
0.764913192
1.436413927
1.533069363
0.978853055
1.687207897
1.474710194
0.816715848
1.39931809
1.429587313
0.664410027
0.724695168
0.905908906
0.700326783
0.992723548
1.096440697
0.727649438
0.626138317
0.919834092
1.292345073
1.401624525
1.101210554
1.49186607
1.24737708
1.285774444
4.416456079
1.366862263
1.025267072
0.959243892
1.314895636
0.973738663
0.831312884
1.122366228
1.680266324
0.854820995
1.392360204
1.152142646
1.266898305
1.251672829
1.283211783
1.166726709
1.390992523
1.176177886
1.628247763
1.445334978
1.10128492
0.825509138
1.286721456
0.611954056
1.096389275
0.790885524
0.742784914
0.837780135
1.1951388
0.778467478
1.17751367
1.727863925
0.796198782
1.001792921
2.212631183
1.220477689
1.560358411
0.936295693
1.025954997
0.645999325
0.892143748
0.94166726
1.49227539
1.141946593
1.560713731
1.233291875
1.244800353
1.530056663
2.193431013
1.01937129
1.552808247
1.437394013
1.764641261
1.195443215
1.202005977
0.804600221
1.333689993
1.110617961
1.729914508
1.072452186
1.260599664
1.285190734
1.37684981
1.139734522
1.106601679
0.760177407
0.847029857
1.84880456
1.500660178
1.439622872
0.915085054
1.274162109
1.324701202
1.16676157
0.458441737
1.580633869
1.292551279
1.10982806
1.168542392
0.877274013
1.223805108
1.125276825
1.162783652
1.166115594
1.635106204
1.054175466
0.675104458
1
1.289534243
1.332374831
1.718588271
1.11765178
