1.765674552
0.840387099
1.229582631
1.044240705
1.12541427
1.591033339
0.522457634
2.24616862
1.676869779
0.881252561
1.010597264
0.884366786
0.854292564
1.11178677
0.733221943
1.060288564
1.473119189
1.648863802
1.312275364
1.215636404
0.903404239
0.977008266
1.218633892
0.997174228
1.367586671
1.163212056
1.259752037
0.971052843
0.935682914
2.017334507
1.545420297
1.616157977
1.18389724
1.245091583
1.327033519
1.254983374
1.459261358
1
1.474394437
0.745114075
1.573390968
1.060661962
0.967861466
0.608102131
1.103935904
0.948842167
0.950593059
1.107041896
1.202080245
1.389246918
1.33986606
1.227128821
1.383067376
1
2.60603624
2.463482622
1.112730479
0.859964271
1.109792011
1.081713875
1.175091855
1.246085618
1.34179256
1.556588334
1.68248445
1.129098997
1.23390309
1.711017444
1
0.837518543
1.139329111
0.811910434
1.202081976
1.222003144
1
1.015358562
1.351699733
0.8985338
0.920735324
1.000799923
0.87549886
0.732251071
2.652028667
1.197978375
1.015897483
1.710721856
0.645548625
1.064109248
1.391299471
1.055337666
0.835279225
1.613895681
1.179029675
1.010654153
1.218993922
1.164623096
0.911270605
0.948908787
1.372017218
2.120056764
1.251526993
1.034016666
0.694116081
1.085437618
1.326836125
1.307908061
1.359799705
1.196879466
1.076689028
1.371549069
1.163165205
0.894717267
1.522889446
1.28380706
1.017156515
1.565294788
1.214586322
0.454873881
1.003612385
1.725775397
1.208371007
0.848951315
0.583046629
1.288713348
0.984914811
1.048278342
0.947129446
0.99458883
0.790949444
1.68070757
1.461287036
1.504929617
1.619460693
0.722174443
0.678049862
1.49041168
1.404397376
0.854856181
1.647954562
1.609779274
1.05413932
1.479128621
1.380566843
0.838747944
0.703668763
1.134854125
1.160489852
0.96299763
1.072296807
1.013356673
0.842227415
1.016497755
1.267226779
1.176323749
1
1.233924412
1.126312713
0.998427185
163.0415701
1.392817123
1.206830299
1.050368368
1.041858711
1.242029755
0.940771014
1.185149935
1.522837882
0.620989819
1.182217901
0.738526595
1.22878038
1.286775301
0.934393577
1
1.364152659
0.963520118
1.682303846
1.484723188
1.309265994
0.586318885
1.112993652
1
0.927502616
1.012250311
0.734791058
0.885278231
1.286734038
0.959254225
1.296634937
1.786305165
0.825310023
1.167788108
2.278372706
1
1.474838781
1.025962261
0.938302373
0.919225017
1.029740133
0.902442564
1.022599243
0.965567787
1.891693868
1.478592341
1.195117081
1.625482564
2.178668708
1.074595847
1.655840899
1.547980744
1.671149505
1.197799254
1.107641551
0.836692952
1.505377233
1.248105056
1.586365214
0.791183824
0.926913146
1.324274887
1.133908344
1.078840341
0.979492454
0.961542901
0.90322926
1.590819308
1.353471867
1.384145351
0.864648091
1.349061057
1.316419355
1.230107961
0.800503285
1.677859397
1.173848097
1.277329022
1.222583356
0.980359015
1
1.015540315
1.063312008
1.177043714
1.841179803
1.103261472
0.700153222
1
0.75200182
1.418680504
1.747130732
1.04065639
