1.812033972
0.581799678
1.327304449
1.216408814
0.835958165
1.329104347
0.862402056
2.068571572
1.366486696
1.370040088
0.87139584
1.1001871
0.651551091
1.719880475
0.971596622
1.093988763
1.65033517
1.789801023
1.14244601
1.079759494
1.283601512
1.050315263
1.231384179
0.815248613
1.395002603
0.878173316
1.081066765
0.950265041
0.857234128
1.989473068
1.366919939
1.345332649
1.223253539
0.985833796
1.356960478
1.380483276
1.310775105
1.042534789
1.723498067
0.833114516
1.589412978
1.189672092
1.021316277
0.907454978
1.16081003
1
1.101134805
1.317763512
1.427580458
1.354917592
1.261474602
1.542570655
1.369255595
0.791144467
2.699202017
16.43689051
0.847398007
1.127667626
1.047068821
1.649025945
0.803664125
1
1.371190561
1.708287818
1.81762401
0.900568814
1.231884299
1.647598094
0.849523601
1.175328603
0.675344789
0.951481638
0.607864235
1.222308509
1.276474914
0.848791774
1.062061048
1
0.987403157
1.181259147
0.815058028
0.58651831
2.540689217
1.137088507
0.754797556
1.296430963
1.114299627
0.977479344
1.3499848
1.296173793
0.751770572
1.474394567
1.311991213
1.017764927
0.765194093
1.37049637
0.888687048
0.812501733
1.287749381
1.970826131
1.354765712
0.911849697
1.133590487
1.122077652
1.407318064
1.243320802
1.08753695
1.098302089
0.668043753
1.495687709
1.156023659
1.174081692
1.575100653
1.2864624
1.294791539
1.320616447
1
0.553310392
1.1253212
1.522676628
1.140027442
1
0.867320774
1.099986142
0.980794195
1.072886954
1
1.028158528
1.205333139
1.603644652
1.035245182
1.148591127
1.51573079
0.817615336
1
1.551771922
1.351954384
0.988332749
1.55830106
1.57033709
1.165230087
1.357293526
1.29969106
0.767273332
0.85706622
1.270709488
1.134662704
0.86328358
1.276910342
0.915343746
1
0.979753545
1.273761203
1.420269339
0.948402597
0.865848229
1.311425659
1.34989541
3.017720116
1.242866971
1.356434118
0.64170902
1.134722596
1.277697166
1.009703801
1.077919596
1.665491285
0.757553817
1.350972959
0.804817546
1.337251017
1.474552541
1.055771001
1.38605262
1.537561147
1.067226993
1.383268281
1.334514136
1.158380057
1.017152206
1.147204957
0.823653221
0.7651412
0.856578364
0.737690004
0.946808013
1.237248415
0.73666555
1.260608144
1.757390039
0.664930533
1.132271121
2.413586602
1.125365011
1.609030971
1.125073747
0.907940231
0.783765228
1.25303916
0.86567271
1.338620105
0.951331685
1.785779718
0.905309122
1.173437886
1.634638658
2.136468905
1.038788687
1.161478305
1.412391063
1.551364039
1.215121821
0.920365734
0.950287222
1.583688715
1.495334721
1.654204422
0.697634741
1.276031145
1.287631915
1.400542899
0.923248895
1.121135141
0.966920496
1.068192555
1.739938396
1.540205017
1.436960019
0.906976518
1.228812591
1.308553108
1.142050275
0.94296798
1.548108345
1.382238592
0.651134759
1.263461424
1.070391657
1.155484936
1.038792546
1.139301628
0.938820664
1.703052677
0.717478762
0.805609297
1.356961878
1.16192245
1.188737062
1.748194125
0.831635607
