50.91467592
0.934508964
0.615351167
5.483843919
2.007028759
13.51602221
1.551997025
1.169707062
1.806095644
1.096000555
1.011385116
0.585998305
0.859429476
1.513597395
0.533983658
11.79897572
7.789243892
0.696158541
0.998573545
1.64340661
0.860462719
0.892849456
1.05581821
1.120250875
2.029478364
1.514754056
11.37868591
1.669440008
3.799602275
1.131257056
0.774896779
1.217123676
4.09488279
1.163947763
2.457961409
0.613513794
2.670935841
1.14777668
0.347690799
0.806365211
1.032881061
0.901242216
1.68506254
4.621501285
1.388871087
1.187740299
1.026440911
3.673449632
1.935973442
1.259039346
1.088779373
12.09442173
2.135434769
1.277488626
2.030818918
1.907770339
1.086711413
1.116293451
1.398437204
1.64451395
0.820579218
1.972882752
-0.763751517
-1.086568196
13.81347208
0.888712912
3.586165712
1.672727601
3.945162133
1.914875777
0.780985463
4.170235538
4.196629496
1.899137236
1.022305564
0.969991444
0.104106002
0.934747863
1.066286462
12.29454386
-1.137815924
-7.559235624
4.372237021
1.240535872
1.226087496
2.005208802
-0.370211688
1.37503341
0.97685346
1.153631044
0.910337113
1.02352493
0.83772061
1.792542218
0.972092407
0.680208001
1.107340081
3.234251642
2.945349967
0.937215741
1.027901689
2.291710989
1
1.491664589
1.553049025
0.684253971
3.882026595
1.103607261
1.902730638
1.611646539
1.393763275
127.6529676
1.867480813
1
2.149101705
1.339253151
1.040447741
1.092818282
0.931820087
1.295422498
1.075098584
1.071622689
1.375733067
1.712616786
0.905135518
6.810712363
1
1
1.104437007
1.208811982
1.923334344
2.20816751
0.992454907
1.679618482
2.835128378
1.336922298
1.407542796
4.801257501
1.646871212
2.071618151
0.77184577
2.575157174
1.963254896
2.05134388
1.400940489
1.534440281
2.202613322
1.656827886
1.159967981
13.34452213
2.074759788
1.154764497
0.883528101
1.315463441
1.985130035
3.037196141
4.26141138
3.075142038
6.651908163
2.254397112
0.80577291
1.938649587
12.50189916
3.497838114
1.175090492
2.255444527
1.153716653
1.676039602
0.7518141
0.636210556
2.015556975
1.689101269
0.609112362
2.057238289
1.392797494
0.901541311
1.231004382
0.734513204
1.828043742
1.596270547
1.105390798
0.81689478
1.063971715
1.140287562
1.599049286
1.652951554
2.485246494
1.001611687
1.007397238
0.669131522
1.53804822
0.975532218
7.911299906
0.866042414
1
0.809400477
1
0.682674309
1.213970361
1.106764455
-0.521047701
0.93697862
1.731654284
4.623332995
1.036945789
0.769457953
1.302634028
3.100357994
11.27202465
1.345527815
1.920770349
1.42290387
5.906765093
1.82647765
1.097496279
-0.294937513
2.729024477
2.244791613
2.709591086
0.824128891
0.696571567
0.844484073
2.200789653
1.122040973
2.705871372
0.576561634
0.93071498
0.029754311
1.013359604
0.287339267
0.909068555
1.407793628
2.105287728
10.60591481
2.206007295
1.186853921
1.027551022
8.088186546
0.883566391
1.700546124
0.875029513
3.013767427
1.021234922
0.680648679
0.804836181
1.490902132
1.457527506
4.20664111
1
21.67484319
