6.614967638
0.757126889
0.720447979
5.429580372
2.355358016
3.608597464
1.938045762
1.17465251
20.91188805
-3.276428749
1.225705757
0.869468888
0.900288852
1.438710245
-0.172079254
34.83983308
1.93635261
-13.53779095
0.956610979
1.595550088
0.670060394
0.300445807
1.0129362
0.806393182
2.901983087
1.516059962
1.670551146
1.812157123
2.340746129
1.148789294
1
1.210267392
2.527264639
1.262714735
3.07118446
2.081571712
49.255394
0.868276557
0.863837064
0.805054125
1
0.760819231
2.422321085
1.936573875
1.383334286
1.294859112
0.864613518
1.728831113
5.28112683
1.113029434
1.072117299
3.070350879
8.863214632
1.302785789
11.46254873
1.607639805
1.094414385
1.176732384
509.3178268
2.907613762
0.904357092
1.78020792
1.111133976
1.06144514
1.166185431
0.944365418
1.044375295
1.741726329
14.25084206
1.562295932
0.625498251
1.999844615
2.60780709
1.483719715
0.76060396
0.844203599
1
0.027639096
0.88698571
2.611366078
1.315118952
1
3.134622482
1.09172566
1.2558473
1.710916099
0.380757964
1.453608506
0.770645138
1.103423286
0.64004946
1.17932001
1.142649476
18.87979704
1.009298899
0.259963917
1.178702043
3.828180388
2.359294377
0.892991996
0.920370801
2.290307691
1.861540698
3.143494354
1.522035566
0.952876699
1.753953629
1.229688593
1.830776801
2.552823461
2.857748264
2.459972314
2.136969668
1.34080014
2.908377648
1.252175365
1.074087166
0.801423425
0.567108467
1.251796647
1.319351393
1
1.058613878
1.820321692
0.955127674
2.88313639
0.949016523
0.823402357
-0.336669181
0.973230403
1.826468233
67.16963001
0.905411484
1.798474023
1.274188035
1.37026266
2.351477032
1.551359571
1.866080125
1.976332161
0.839353458
17.2604411
2.187987441
1.950300395
1.478935243
1.533966794
2.326285734
1.648042829
1.04190107
6.561452405
2.472864324
1.208091911
0.847072684
10.24893081
1.318771911
2.666255799
0.104451934
2.096189336
1.641253316
3.173224362
-0.326709924
1.826188124
2.597015595
2.713507905
1.073281287
32.10236614
1.050509223
9.665263034
0.889562982
-0.078611687
2.363857745
1.461552804
0.587040959
17.61787042
1.421865857
0.852766364
1.425124055
0.90239105
1.58929003
1.731148564
4.76361556
1.088932971
0.941591693
1.15814683
1.562691804
1.74529431
1.786001046
0.802772978
0.962725907
0.827338728
1.419715385
1.272482672
2.535227513
0.977586534
1.437448862
1.087435269
1.250985698
0.885386767
1.013466924
1.379199445
-1.072035159
0.906926425
1.355874384
8.190404084
0.836215831
1.057536535
0.717420603
2.167976193
2.373725952
1.304507816
2.042139782
5.077133731
5.868226264
1.725323545
1.176857404
1
2.003563278
1.206352448
2.347499465
0.551474372
0.153549988
0.904539932
2.530055839
1.346058065
8.322877099
1.218147378
0.618087979
0.949499036
1
0.753623279
1.046068308
1.475419128
2.640269947
9.408273245
3.387662518
1.271140023
1.107126406
5.943306583
0.695260685
1.874692046
0.798954352
3.62301598
1.271841847
0.863511187
0.671057916
3.505006391
3.474589486
2.207372408
1.758889436
9.312784424
