0.985107448
1.187323274
0.899269153
1.954228752
0.864692029
0.923757474
0.945325881
1.117164719
0.956676557
0.913776467
0.738131707
1.347125211
0.562369166
1.269238582
1.434606327
1.421692796
2.236907887
2.483234013
1.024877385
1.465606877
0.981293616
1.442916565
1.734698582
1.481957356
1.274276693
0.927963424
0.973536677
1.128974868
0.836704874
0.77615763
0.939377455
1.299288207
1.576983032
0.83357498
1.708834915
1.850216891
0.970946001
1.174661256
1.255292761
1.186273465
2.133782384
1.176501809
1.003581149
1.074098221
0.705483675
1.328741835
1.125517352
1.209420193
1.793771183
1.443822846
1.218543881
1.284353193
1.342057329
0.934277877
2.540146884
1
0.83233718
0.748773338
1
1.066470079
1.014509718
0.951995979
1.810510754
2.066232927
1.534875337
0.880926271
1.416192898
1.331578545
1
1.212441986
1.334009192
1.295628107
1.101631108
1.555715549
1.045216243
1.226307307
0.998366878
1.5692975
0.683235148
1.688754377
1.343916562
0.984142869
1.144431543
1.725468746
0.927298523
1.067423749
2.193320874
0.808333996
1.361150095
1.010494068
0.741950489
0.697445097
1.182654045
1.491227194
0.685993747
1.21987221
1.020876049
1.866895532
1.190247949
1.193676253
1.095727036
1.313068292
0.767721484
1.828726687
1.010844511
1
1.138765146
1.246656242
1.112618111
1.272935615
1.463486091
0.908271553
1.279585024
0.665459357
1.034272775
0.807003139
0.887009844
0.846400176
0.784321182
1.760777589
0.789940318
1.212726563
1.230414172
0.581342297
1.177346051
1.309309274
1.384423942
1.365155854
1.593487406
0.694744836
1.103164033
1.696221665
1.55583313
1.130678395
0.53163947
0.959015747
1.153220421
1
1.601275085
0.855318638
0.966927153
2.598921719
1.554045494
1.316391002
0.965514621
1.510683642
0.973168512
1.414430003
1.401920916
1.514315773
0.974800094
1.62894263
1.276761744
1.140384319
2.181478694
2.420295666
1.833558882
1.664239007
1.536335852
1.079814138
1.129499158
1.071862298
0.450705039
0.85256211
1.281401003
1.529122715
1.737311273
1.237082675
1.110812997
1.05646712
1.383766993
1.215176732
0.771911573
1.562114905
1.174004175
1.096208635
1.464567197
1.273405209
0.924043247
0.287142163
1.357513086
0.801180271
1.093172723
0.836010027
0.856401601
1.322999512
1.79681572
0.977227673
1.287992557
1.33737179
1.483372635
1.296296571
0.698218202
1.063282142
1.434155499
1.030207945
1.130889238
1.485341715
1.168985725
1.454263967
1.099507278
0.219997624
1.180380625
1.195566144
2.015889872
0.607857116
2.196698496
1.218545822
1.469926835
1.454798626
0.992041901
1.344334534
1.221745714
1.23121518
0.969463579
0.767212663
1.289060496
1.295090897
1.258204263
1.019748675
1.460778665
1.590071623
0.70103905
1.585776263
0.894924137
0.548360861
0.738889316
1.521014345
0.997626027
1.481915819
1.082190374
0.897412958
1.478755552
1.573809376
2.794301486
1.035182419
0.828204611
1.222003743
0.946676791
0.987953236
0.714064722
1.262470237
1
0.993459311
1.219416393
1.2477204
1.047748165
0.972018207
1
0.627264915
