3.17563579
3.352656578
5.303330108
35.17195945
0.930907921
5.119873794
0.740378657
3.437515115
69.96886714
9.845462663
24.70146738
4.754014232
1.097470682
0.675321987
0.880046104
1
9.008247318
0.822132444
1.219200088
3.435219446
6.863400965
0.565764555
1.065988934
3.96434863
3.498156801
4.358411809
47.47964427
2.327115013
17.99067031
5.824894044
1.184323164
4.165827975
16.62812309
5.244127162
0.85600077
1
0.759944876
2.016957097
1.003095375
2.515435463
0.672610816
1.274088685
0.955421047
1
1
1
5.817559948
12.20142557
1
3.675651191
3.522895655
2.49419298
4.956605481
1.31357542
5.202446821
4.807503893
5.033092997
99.51172432
1.740066642
21.43588115
1.327508842
1.062924775
1.2590577
3.151212765
1.595098
1
1.092843422
1
3.879793656
1.134449458
2.47467354
3.499693022
7.541755061
0.987116734
1.114706611
0.982046522
2.530459706
3.2518402
1
9.417579811
1.718388961
32.0520168
1.78481491
24.41838068
0.919671669
1.141113383
7.470055546
2.392408092
1.005479321
0.631811992
1.832315832
6.9786135
1.852202833
1
0.60146788
1.075360917
7.210781543
4.243190916
2.888282696
12.74998865
15.61961464
0.782000949
3.356211527
4.257300845
6.268000451
18.54373202
5.660644269
1
5.419716745
5.0318483
0.929618535
2.969589121
1.023063026
3.146270409
8.991642728
42.61060697
4.07702581
10.42232078
1.695662153
1.084679473
1.260698636
1
1.091754556
4.738062345
1.87335311
1.804191455
3.311873985
4.825313289
4.444413335
0.589628893
1.069872704
6.187462742
0.865271877
0.823857304
1.187471202
0.856237787
1.296373539
1
4.023212973
1.347585723
3.712643482
0.967551293
4.478960002
5.775962579
0.898302227
8.106407619
1.694506067
3.099684196
1
11.76719796
0.964366276
1.631385638
2.112866339
4.36122455
2.229233525
0.854193502
45.51257788
1.217892655
324.2132636
8.581683381
10.75300149
32.78957055
0.853428348
0.585436191
0.709844458
0.992157076
1.141481315
1
0.505323612
1
0.616792212
1.190303368
0.898219106
81.24811181
3.108287643
0.70765155
1.039950673
1.38204234
1.154131483
1
1.950456156
8.323652603
1.51858347
36.50388922
0.875104737
5.410832116
0.868560438
3.422448847
1
3.340634696
3.78990806
0.556813618
20.8330927
2.80646722
2.08514795
0.963140506
0.877224381
1.246372484
4.648331162
47.11237292
9.894872294
3.654900386
1.491576148
0.415506283
9.869179216
0.712116443
0.678396222
5.240548883
29.59341981
0.967416382
0.903309726
54.96588102
0.867769036
2.595144638
16.58394249
7.988840959
0.717730653
6.276836149
4.690477143
3.542006104
5.507723292
0.643050783
1.136319171
3.131440677
5.877944334
0.989086315
7.94719166
0.93694746
7.39224012
0.537363502
5.576304439
6.641478512
0.761364466
1.031454347
2.240720277
5.396622284
0.886941605
1.125961963
1
1
33.01120566
1.284631661
0.680489667
3.357814767
1.208656298
3.50261053
2.574843727
0.949171407
3.045575849
1.166150004
