4.302462998
2.102907366
4.215503405
3.537037625
0.953654327
49.77911436
0.531949846
8.64030736
3.178086492
3.670430511
3.86190114
2.594278687
0.981984446
2.969587276
0.744672271
28.13370475
2.2134272
0.680209082
1.223056309
7.006840365
8.327018854
0.868346472
1.007040358
3.418725029
2.807452503
1.844509677
0.349745902
1.094093604
1.017274188
4.3148145
0.76100715
1.476671677
1.579214696
9.326621622
1
2.041811
0.981626126
9.752221666
-4.041722377
1.667917815
0.998890947
1
1.189108424
1.053340247
1.229532388
0.85036504
1.394131622
3.113763823
1.638811848
9.910148855
1.119664111
4.632564703
2.212762369
1.390371958
1.96433685
0.684304883
8.421054064
2.947770978
2.174079775
2.473365834
1.909088428
0.857991772
0.975830129
1.287918722
5.17103827
1
3.772888523
0.946908081
634.1757102
53.21084593
2.142735611
1.83889956
30.11191754
0.592136195
0.876324278
28.20720073
2.690544005
1.607016743
0.983794625
1.771326371
2.372438118
8.161614001
26.74743971
6.553671105
0.938331549
0.736221494
3.061146912
0.879783226
0.953725501
0.641813376
187.7496997
3.58607468
2.805711074
0.975066568
1.046217417
2.864669443
1.162545535
1
5.897071063
2.383346488
1.696161538
0.474146895
1.675027815
1.533175891
3.342361454
5.192998637
10.56162973
0.797615082
1.135468246
2.819787825
6.595621217
3.558292018
0.856324139
4.182152208
22.29295183
3.894024369
1.304438107
1.435066049
1.559360492
1.369080648
1
0.799797058
0.984024804
13.25856863
1.358593502
6.907544505
19.98481017
4.103924472
1.126859751
0.942293415
1.132928084
10.13630958
0.959129912
1.028680788
1.378456256
1.081524215
0.425846464
0.913588036
1.574044214
1.142637046
1.717034704
15.81900822
1.358053055
3.458799631
1.288603156
2.680681139
3.029174883
12.69704991
1.045539619
1.209797203
1
1.709475673
3.000676196
3.807984158
7.632613864
1.368036605
4.209700574
2.608431393
2.774923531
3.051346819
4.668387962
2.210220035
1.085721029
1.00471786
0.79653806
1
1
3.461298115
0.51159701
0.679784208
0.910610762
2.29961878
0.883976989
1.022844224
0.92337299
0.823103592
2.250408297
4.428271667
1.582635416
1.316720619
4.544382997
0.867331335
1.580617325
96.85262857
0.582308366
1.045427524
0.94785921
8.538606115
1.008768679
1.189529018
3.997506366
0.789689528
2.672196301
6.32833763
2.889067237
2.484790915
0.4822316
0.893999396
3.249144038
1
0.435523087
2.120834241
1.454719881
0.913418559
1.671400005
0.312562778
1.899939023
3.387729888
3.217050014
6.364828433
0.8354248
1.114913758
0.914905597
4.050102102
1.860638047
1.241607153
1.610332511
4.64841339
3.432209773
3.37519819
4.300146977
0.701389132
3.596779548
4.719268128
2.061119814
4.854435142
3.051523316
0.639599398
1.374993384
0.577574672
3.59286105
1
0.401565007
0.930995975
9.104519363
3.027371447
0.59909937
16.82361409
0.931172201
1.062660961
1.059099978
1.751363954
1.948066883
1.279320924
1.105267547
2.104035324
3.562226431
0.426858501
1.416735967
0.959484077
