0.800413441
1.134631822
0.64869165
1.191165137
1.506843616
1
0.999013642
1
1.407850677
0.980300177
0.797828612
1.442381758
1.209826603
0.883912145
1.019007774
1.131970605
1.613054222
1.754577938
1.892487213
3.543799195
1.741596707
0.808492056
1.782918814
0.849803397
1.208434739
0.929800498
1.224656186
2.08323847
1.237015704
1.321002129
1.298301849
2.045030313
3.464056289
0.970723308
1.278594093
1.652161413
1.011043095
0.956619562
1.160495329
0.987753985
1.586178843
2.219514841
0.957498894
1.573350888
0.946757137
1.998305682
1.170844809
1.369533445
1.109138757
0.922494338
1.231227327
1.024524811
1.466017171
0.975806586
1.197979115
0.994818322
1.40951931
0.624091021
1.234125
1.223545122
1.058231162
1.008467239
1.425603187
1.200841129
1
1
1
1.171817683
1.142817674
1.177714249
1
1.010297131
1.002034398
1.195735728
0.932970609
1.61350282
0.936216446
3.125680127
1.379964459
3.519884914
1.331356615
1.436265148
0.520538794
1.676930458
1.927781868
1.324943956
1.941101974
0.47820977
1.496839466
1.107067398
0.940163756
1.067513876
1.324659572
2.00761583
1.126154198
1.024975303
1.52816088
2.370604079
0.808633835
0.657305878
1.114751297
1.59274648
0.914093146
2.652135784
1.622369025
1.135936124
1.022687518
1.906787237
1.089255116
1.588577722
1.285278782
1.004543216
1.014537812
0.852306829
0.922730292
0.886895564
1.083204682
2.781036174
1.249823197
1.341312369
1.354578478
1.530251923
1.331477131
0.998886896
1.159447788
0.989792778
2.734889581
1.139751463
1.786769416
0.717626653
1.362913113
1
2.136055222
0.880698021
1.15719211
1.009817219
1
1.185569646
1.066807205
1.258701677
1.404548956
1.565883893
1.202004251
1.376668442
1.146529366
1.492188791
1.213984155
2.213480935
1.382129926
1.09073611
1.154970926
1.478399816
1.998088942
1.177778479
1.946692786
1.319853123
1.781854858
1.163603317
0.942495184
1.002682559
0.875462701
0.948101782
0.988764391
0.836899493
1.46403305
1.708669666
1.454179322
0.591994314
1.006522556
1.104672622
0.841815262
1.376889742
1.001290734
1.582120425
1.118700334
1.295839834
1.391342456
1.21429717
1.098024226
1
1.343535446
1.081976089
0.967007276
1.423786245
1.436725207
1.682115815
0.924832428
0.9731344
1.206109114
1.439456661
2.19906208
1
1.015164339
0.686693216
0.978123741
0.817179646
1.874382237
1.680189907
1.167635433
1.372887274
1
0.651662623
1.015888664
0.958946589
1.916182455
0.942552529
2.024567763
1.215511018
1.677577216
1.496234941
1.25975254
1.320272374
0.852447235
1
1.119410895
1.872824975
0.934720357
1.046334317
1
1.38214238
2.6923115
1.353851095
0.993347058
1.661745566
0.860789862
1.042743811
0.943647073
1.44795696
1.820409686
1.344493888
1
1.109651589
1.158994358
1.584328636
5.066534654
1.12875032
0.819635954
0.910206156
1.125740521
0.884049573
1.225146705
1.140369998
0.673996541
2.230199651
1.477682866
0.891139788
0.929858276
1.37167045
0.993566627
1
