3.636606035
0.846667532
0.584526898
1.868906012
1.774959511
13.10481346
1.823538339
0.909119626
1.688176741
1.147035687
56.06987111
0.537224958
1.068528809
11.28652305
1
1.291275394
4.134389774
0.350846988
1.603655489
1.741279364
1.084886231
0.745734656
1.075025612
0.562158074
9.485680486
1.571630564
4.762811644
1.660328106
5.03878642
1.312360231
1
9.361728418
3.886694094
2.338198466
9.198404365
0.995342851
9.890621821
1.134798199
0.830522435
1.405399852
0.855537107
1.379277079
63.52718885
2.83207614
5.537647272
1.438565329
1.163908236
2.051816376
0.933034932
0.601389021
39.90084571
1.249898417
4.023449829
0.931625544
1.636422794
3.948915371
6.3912422
1.320211248
2.887465323
1.166206792
0.855270268
1.519769241
0.74738336
0.961239693
1.035042188
1.047940729
0.956858492
2.37040503
4.157740674
2.009960814
0.582971131
14.50079988
0.909369106
0.816578556
0.777633424
1.103053006
1.199089515
0.948384195
0.660912251
2.139611381
1.261409623
1.274172921
2.209817176
1.008103114
15.17556427
3.839484338
5.660178143
1.737368785
1
2.205251873
1
3.938107295
1
1.763144155
0.587459225
0.793007845
3.786875733
3.836461074
1.551288147
0.706679691
-0.693477974
1.564778646
2.396397583
2.382942032
10.57052023
0.920231716
129.978703
1.492735107
2.442611429
33.48198579
0.867502659
41.17549576
0.972023729
0.52519064
1.477442744
1.05670144
1.294926482
1.966252132
0.873346781
1
1.36457921
1.876685861
1.563525488
2.519629525
1.046499274
1.508192375
1.317003534
0.712699341
1.714395247
0.421959073
2.291206844
9.760509764
0.645916867
1.493320872
16.3911737
4.579902701
8.11305348
9.810692161
1.168546292
4.540257649
0.611849522
400.9097568
1.429434622
5.291430738
5.931795992
0.972888298
6.19237825
2.978213026
1
1.174768017
2.080541179
1
0.463030057
6.567399988
1.032950644
1.620349845
2.299892376
4.976553338
1.785593885
10.07396236
1
1.504503048
5.190397869
6.265918955
1.225888774
7.484373898
0.737606084
6.4016664
1.01458808
0.28322373
1.460549291
1.338956297
0.775851108
1.224944828
2.481600312
0.545358293
1.05597315
0.918560592
1.034413839
1.542791111
1.214445625
23.07792507
0.734116379
1.557012577
2.271045487
1.78317341
2.067399318
1.162203836
1.086669982
0.286904785
1.9034087
1
1.055622729
1.209401354
1.046046925
0.992728849
18.09564665
0.956126347
0.972256059
2.112333297
1.382921421
0.902588639
1.350095523
4.695334942
0.841087967
0.860031595
1
11.5713888
3.100699765
1.194116278
2.404861805
4.042330505
1.760281739
2.245872647
1.010801781
1
1.021250297
3.970549399
1.453164012
0.676852103
0.885279297
0.835481015
1.138169134
1.454488765
29.10084674
1
0.956917949
0.952034932
2.172134192
0.991394542
0.665519404
1.352675873
1.002363512
7.106542234
3.980682339
1.346754791
1.536096885
1
0.813365188
7.530286202
1
0.732407069
1.176389506
1.200759332
0.623283971
1.115599658
12.35886647
112.7777214
1.221966298
13.9568137
