6.446236597
1.801878703
2.965171688
1.216963104
0.633658419
9.839940406
0.821474769
15.57472783
1.113304356
3.041875482
2.541696837
2.136564567
0.822057662
0.691370356
1.071950973
1.51761034
10.93138897
0.879062054
1.197774186
12.99062483
7.895564513
0.922734813
1.289967995
43.30162066
6.649448999
19.02749455
4.086549659
0.841720994
26.56357595
1.72428008
17.43714443
1.329327647
15.46550499
4.115009806
1.038718135
1
0.94702571
1.858604818
1.218956594
1.85587402
0.860607152
1
1.122622507
3.78798955
0.874272075
0.889616803
1.568177057
19.30214203
1
3.424300028
1.258321876
2.607062059
2.661252637
1.145310599
2.155042918
2.540932292
1.261488329
2.611081766
1.913043935
3.475024637
5.698950157
1.114765326
1.871549664
13.83339537
3.837511728
1
3.727415529
0.911914593
2.737164495
6.306833113
17.11418247
493.6459349
5.996535382
0.619414278
0.945098104
0.714311187
1.308924609
5.780509021
1
15.03935359
4.440255496
3.984991006
4.112314838
4.984871518
0.089798478
0.394087152
2.644959852
0.837798415
0.753436922
0.717515226
1.904361434
1.689407408
11.43339699
0.691063994
0.75433603
0.715192914
1.222924454
0.802709591
3.679796407
5.694409322
2.073745536
0.17791438
3.716155246
1.180018618
2.890101293
1.004136884
4.332768371
0.92894219
1.310914587
2.776475256
0.919076194
2.138320621
1.939779126
2.006856481
4.96108903
2.382274056
3.254410006
2.979579228
3.095863025
1.204200107
13.93952201
1.037709641
1.074406451
2.370585362
1.294192453
3.721074334
4.074106975
5.642981111
1.554544666
-0.214188206
1.414447568
-45.55804463
0.883123304
1.014516603
1.835340016
0.759396695
4.551128284
0.357826063
3.128931057
1.075523065
12.65773837
1
1.614452475
3.621476678
0.991235985
2.097666855
2.029222415
22.55139059
1.235795046
1.294608868
0.893186651
1.756676621
2.046500099
4.88323068
3.827854258
1.166171159
6.784278489
2.92666253
5.441503092
17.25070853
6.513766725
2.052292309
1.424195586
0.247657175
0.63892537
0.54331459
0.773750387
1.290794212
0.8738864
0.702351472
1.025268568
4.4674562
1.233650211
1
0.98915803
0.691543311
7.730996281
1.722535392
1.259899634
-6.448700279
2.072626927
0.788623558
1.538480052
4.637358051
0.566198738
1.334589885
0.998316026
2.962904822
1.038785222
1.466333952
2.134098217
0.356660281
1
143.9962543
2.676297933
1.673961104
0.983892302
0.726004517
2.892329735
1.227429764
11.89319471
0.974642994
3.183455525
0.784195181
1.5845149
0.400301305
1.006598242
2.007276616
2.562706206
1.047039818
0.6777365
3.261335388
1.186055877
4.4599349
3.384237566
1.11320122
0.713931496
2.052901301
15.15717195
1.345500293
3.47836921
0.996772431
-1.573675388
1.806537128
1.601592325
2.645175652
1.847343555
0.871864985
1.532783443
1.143317555
83.6268291
3.350629835
0.820716271
1.148970489
13.98368771
13.3226374
0.825321159
1.725617464
1
1.127227062
0.841587189
2.612810883
1.031443881
13.58952529
1.365411934
10.23024665
7.125413387
0.993232373
1.849628268
1
