14.63813226
2.884988306
1.320224397
3.272783615
1
13.34215651
0.756959057
3.656407208
493.9424402
7.649310121
1.188231175
7.004709292
0.883402386
0.840720765
17.03898625
1.168078374
2.19405792
1
4.107465178
2.981894244
4.801544523
0.820315672
1
7.286545847
3.210033341
5.833413044
6.046362473
11.91716193
2.58774361
3.408407984
1
4.04483432
26.20545204
2.812880509
1
0.949657713
0.9780745
7.930711748
1
7.878490996
0.604219772
4.363409598
0.94445781
1.035242183
0.828528532
1
5.351169753
8.786886312
10.54533649
8.948460092
23.69395407
3.177087972
1.879542389
10.50322414
2.10387098
1.144922653
13.69899946
5.557593911
1.795117254
4.95126769
1.413638351
1
11.30346008
7.522451993
5.812652165
1
1.030262149
0.71695294
3.742095579
1
3.163050517
3.736757723
6.195411464
0.78985463
1.290904485
0.946790359
6.019442739
2.231940516
0.794716071
3.308484832
9.128893229
8.42628465
3.722277215
2.186413039
1.00087101
0.830666248
37.05907283
1.029274461
1.056227715
1
1.981566837
25.28135826
8.765033645
0.681738533
0.495332242
0.924876872
4.066832759
1.862350247
2.030707272
8.507217886
3.924179519
0.569373379
16.64994123
7.809090567
3.004702901
7.221084436
20.61169375
0.513086024
2.632438246
4.821969462
1.041440978
2.805296827
1.010070679
1.133946433
12.81090538
2.596380882
1.031313501
11.47539811
4.960211251
1.19582524
18.42928332
1
1.141500233
4.200185074
1.889170664
1.864444697
3.069225276
2.337572986
1.25083896
0.951850486
4.907353719
1
0.802230828
0.697280332
0.714208221
0.912918157
1.020651855
0.887940044
2.037590791
1
4.03534423
0.886168772
2.742715117
2.041331741
1.141469509
5.999481306
2.846938926
11.20572097
13.24689992
1.835156198
1.246831776
30.03386149
3.661385051
6.737521881
3.023341322
1
37.33541775
1.052202978
37.93440023
1.424716022
6.633489064
1.96482236
1.04384966
0.903371535
0.838457187
1
1.064802183
4.290048813
0.80509207
1.142602288
0.789483643
1.43771708
0.853775648
0.879256069
14.41977412
0.876882592
1.109460375
135.4677989
1.029103997
0.984740957
2.117028562
3.242276261
5.48859245
5.429267173
0.987410901
1.706849332
0.812071516
6.54626721
1.175978024
2.333724436
4.246654707
0.532987245
5.665868501
1.531580014
10.06389549
1.20797444
0.600653254
51.88382441
6.91525865
1
0.872858489
2.716302533
1.547854522
0.992955904
1.352227097
0.858942605
0.636126231
42.6922468
2.925261753
0.961982859
0.939166492
3.529628672
0.695213132
5.986485178
4.086788855
3.112172296
0.643528645
4.214306932
19.33066268
6.372876796
6.58968445
0.759234427
1.789124987
11.77129853
3.369124306
0.86106296
4.860187469
0.876527367
2.64329616
0.504492978
5.729598256
6.386323609
0.641739822
1.564764293
2.56952971
4.360288232
0.88842837
1.23967978
3.467986757
1.17229344
1.068266488
1.141194783
0.78667831
1.367855964
3.71066582
1.854909344
2.696459056
1
34.00435444
1
