3.424894819
3.413551034
4.893007939
2.073368448
0.983614538
6.259378948
0.212259074
4.581587503
2.805387999
11.77438447
5.609844718
1.290265638
0.908990786
0.725900617
0.787893142
4.543596452
7.686671748
0.343921175
1.419823023
607.4219254
1
0.615259019
0.978803515
2.36528008
5.479945416
2.774834894
1.386479154
0.928825302
1.150997626
1.147652759
1.920669417
1.509978107
6.279402208
18.95952557
1.024368438
1.061131122
0.967597398
2.105480559
11.50101517
1.76365349
0.709285572
0.967202375
0.961400991
1.072599317
0.739354599
0.667159215
1.514116039
6.577727047
2.203220839
2.309929898
1.395111345
1.786100176
1.120906402
1.310420991
3.630573024
1
11.7907413
1
1.65746376
3.69687366
3.136048027
0.905062739
3.727672286
3.550840841
1.381559695
1.217778105
1.356069663
1
3.282561452
1.163445196
6.216242584
3.002830785
13.78371729
0.546995465
0.96135718
0.970938235
1.149853171
5.351805186
0.872514499
1.963881915
13.20686943
2.192157123
3.493734187
4.463492612
0.706387809
0.923517237
1.850489096
0.687681709
0.567403815
0.731529737
2.458167111
5.523424627
3.168476953
0.521236128
0.978871913
1.865548788
1.146624486
1.700610799
8.640408154
106.0931439
4.021300026
0.695826414
1.759081044
2.478837357
2.908021033
32.83544716
89.69814696
1.104534298
1.086368817
1.699469144
1.446551295
7.028099523
3.229057802
5.787224815
5.840944534
2.559449784
1.218233639
3.366952683
1.345650748
1.381559855
1.15320769
1
1
9.769455262
1.037424778
2.54719129
1.40323788
2.707543856
4.332276962
0.499954914
1.401504638
3.789060577
0.325443558
0.948360177
2.90468405
0.584760472
1.362373837
0.763436829
8.620378004
0.809963307
6.326327504
47.36115203
1.456503574
7.382432725
1.117876988
1.598724256
0.683534673
6.091836307
1.026794936
3.050921418
1.646412393
1.891081277
72.87293297
4.234997185
2.648610147
1.079628759
3.95082422
3.959525589
2.249184311
1.363206314
1.452294953
2.300328418
1.198047985
0.533980953
0.25499145
0.881419233
0.772493897
1.088311471
1.128426776
1.07492866
0.944383874
4.166459284
1.154531427
1.134419206
0.717271219
0.815290189
0.732818053
1.759127706
2.290470888
2.232207267
10.79151375
0.868196013
10.09931585
3.663792903
0.742037554
0.973545443
0.816094701
2.152266417
0.821106072
1
11.6248877
0.911584481
4.102693534
1.862047442
1.523047656
2.491225419
1.076040966
0.754142735
2.224318549
1.14849903
1.690505364
5.996391679
1.477712774
-0.05471535
4.935635551
0.522199097
0.490730323
2.135379736
1.70550076
1.276509409
0.854880694
4.268776144
1.141416774
4.091617382
5.859815601
1.301855087
1.027851299
11.4274569
3.436964542
0.955659092
3.084328475
0.886375673
1.340943533
1.978860844
4.638541105
0.783809565
3.253796494
0.441589506
1.36829313
1
5.260087173
6.697012065
0.185170566
1
4.577648918
3.190080523
0.702420027
3.817953203
1.03199675
1
1.086633675
1.720641139
1.46161593
1.140169627
1.067574415
2.753838488
2.360537132
0.922168405
2.02537449
0.813686955
