0.865035041
0.847264209
0.842270542
1.573828481
0.625905956
0.649233185
0.713955847
1.042462872
0.948276556
0.398341225
0.864482129
1.088215612
0.458001201
1
1.036961371
0.664852453
1.833027782
1.930315505
1.351502865
1.605042964
0.813459662
0.829364996
1.559861568
0.611979333
1.256958284
0.937477263
1.041946964
0.904578027
0.982309572
0.835140311
0.636171941
1.007888834
1.186114609
0.594402953
0.952291893
1.633239515
1.279148342
0.853962577
0.659982711
0.74864497
1.443000984
1.020129991
0.972875018
1.226933101
0.952632298
0.853576862
0.761019065
0.982512901
0.636957957
1.476711687
0.808491798
1.36735857
1.076834832
0.40148288
1.844421753
0.979700401
0.899895059
0.790109124
0.657965402
0.860188872
1.06127225
0.597833583
1.409310112
1.666914411
1.115252355
1
0.732474545
0.519380569
0.992742768
1.333957208
0.726218894
0.946108432
1.235876868
1
0.697088659
1.044784813
1.067802194
1.276722617
1.184788186
1.363271662
1.098753669
1.086711346
0.818655362
1.459658439
0.979497905
1
1.863816629
0.7941566
1.240867489
0.524232472
0.921301693
0.651690434
1.181617874
1.344047892
1.102040789
1.281025646
0.873088238
1.318292111
0.859566311
0.668951605
0.598569252
1.406951856
0.862183125
1.731665095
0.752146756
0.926449275
0.986181923
1.291556968
0.59753013
1.324880904
1.212107567
0.969887375
1.175101943
0.956493395
0.898782361
1.041138321
1.076233862
1.039551361
0.944334977
1.622088853
0.995707464
0.795989107
1.22279404
0.824327571
0.935726263
0.90676154
1.335820137
1.047954013
1.133818575
1.087412732
0.723218257
1.518136521
1.170594598
0.700294345
0.910380491
0.960489039
1.189613984
1.252389869
0.953119278
0.907680562
0.682321553
2.112069683
1.555412595
1.081797457
0.845245519
1.118309219
0.723401933
0.951369996
0.938401647
0.98177013
1.213221009
1.086247719
1.450980867
0.817328404
1.60945137
1.813175863
1.602518416
1.347547379
0.327079329
0.482894417
0.464861497
0.763254236
0.993794878
1.417895491
1.519803972
1
1.134268753
0.990306799
1.004561623
0.873252183
1.226024769
0.839410256
0.921746655
1.202867305
0.795295783
0.920854719
0.919805283
0.79573947
1.150687235
0.671688017
0.868870377
0.653827668
0.695471694
0.921432683
0.952426807
1.176338445
0.483138659
0.649768204
0.879501931
1.070195009
0.892405706
1.272091801
1
0.519197884
1.246591077
0.924006565
1.089124533
1.009622183
1.050774705
0.858904516
0.90689153
0.724709878
0.591588597
1.282537382
1.017628188
0.643495113
1.523454924
0.88314748
1.066459527
1.444178694
0.776243578
1.090187958
0.922507479
1
0.677888799
1.658903707
0.665302876
0.73094908
0.762758517
1.334061259
1.175971641
1.046832571
0.925916058
1.193758544
0.714365071
0.724647585
0.878050616
0.996637588
0.840359572
1.127635558
0.737522419
0.741052841
1.4100591
0.771807489
2.157744979
1.033346619
0.828365919
1.119721686
0.787285695
0.965952736
1.143077008
1.098320098
0.839475718
1.175243721
1.185778473
0.437374152
0.532375459
0.845357536
0.95201073
0.989500173
