8.033169684
0.655583051
0.785112755
3.3268783
1.882312687
11.35586339
1.650442313
1
7.348250429
1.48136327
0.957786616
1
0.797705062
2.526287245
0.886958366
8.018872481
4.207017997
-1.065652919
1.017140899
1.645887606
0.593768095
1.00070631
23.12506943
0.491049495
20.35658776
1.581596928
1.487541829
1.659026568
2.540059093
0.73630193
0.716643005
1.1529903
1.990231994
1.174747839
4.137556037
7.621187828
3.236379446
1.187698996
0.937771333
0.742895656
0.022415395
0.79792959
1.827877069
87.19104534
1.318096465
1.131210188
0.766884036
31.72440657
2.736205195
-0.579017996
1.116411671
2.058616799
1.4810837
1.174073653
11.66110706
1.061371209
1.169413618
1.13744748
7.346222039
1.866275814
0.304096422
22.63362626
0.961428064
1.222726593
1.653781666
0.866508037
1.472788246
1.727023514
8.359472574
3.545736636
0.425250039
2.099365968
3.326981064
1
1.066828231
0.779159126
0.771614381
0.616858908
0.828197607
4.319224889
1.186477685
0.992640107
15.20730468
1.104674945
1.20768869
1.61520972
0.691750999
1.245300626
0.743897018
1.059013002
0.030596452
1.017420563
1.038689115
3.31176383
0.848245473
0.367933169
1
3.053274218
2.852033649
0.982841917
0.649528901
1.674016544
1.409899205
2.5613679
1.317914253
0.638908098
1.829228748
1.085727526
1.780525817
1.90850718
1.311454329
2.472159938
2.505069528
1.378440851
1.628584454
1.400568841
1
0.919939855
0.729869531
1.166404612
1.250517479
1.074532351
1.226186167
1.812449644
0.638579202
1.622828783
0.196646263
1.078183162
8.613853487
0.891712931
1.670525365
4.96151729
-0.099646526
1.493499356
1.316576613
1.249833068
3.360065033
1.815112473
4.555582436
1.960528609
0.523887083
2.739726036
1.810835879
2.028532809
1.379346544
1.349473098
1.594456208
1.676285145
1.058187831
1.648768977
2.900925019
1.15966172
0.994983054
1.186053786
25.24370991
6.640566381
1.179935265
5.32254368
4.731365043
3.306137256
-5.718763807
1.894291987
8.580434502
1.720775033
0.818337039
2.055352598
1
1.617778698
1.018410649
1
2.862952998
1.543267374
0.979663944
2.115431393
1.741708695
0.928887528
1.36770758
1.00575711
3.320384156
3.496939432
1.328456555
0.802407634
0.799090686
1.008642202
1.336280848
1.789762519
1.823570194
0.771659348
0.89001984
0.725803129
1.366830471
0.987245845
1.74329003
1.03612485
1.62739263
0.644548332
1.243847637
0.341019835
0.856814119
1.270636547
1.052203708
1.046539419
1.192918063
2.54844921
0.908601339
0.765771589
1.256256171
2.118609916
2.224985682
1.135202422
1.638535327
3.14771234
2.042157078
1.544185361
0.885245919
1.213949092
2.720897556
1.771705636
2.547932038
0.566827628
0.607158902
0.898814835
47.58865414
1.18866484
4.626689072
1.042392096
0.963148241
1.004837624
1.037122873
0.739965052
0.87034342
1.271339997
1.260037933
2.063054308
2.328745389
1.180404619
1.017779362
2.446106299
1.014278196
1.802610274
0.718602305
3.13263334
0.794562822
0.815043641
0.614132242
2.014918799
1.509151644
2.005085621
1.997613376
5.739574679
